-0.0282117 0.121429 0.0252303
-0.0275404 0.121733 0.0249741
-0.0712157 0.169928 -0.0276852
-0.0861506 0.149653 0.00753965
-0.0181229 0.127656 0.00540732
-0.0221972 0.126807 0.0150857
-0.00740346 0.130505 0.0103084
-0.00557515 0.130176 0.00378635
-0.00603914 0.130201 0.0213849
-0.0828101 0.0753579 0.00819352
-0.00887724 0.128322 0.0261844
-0.0741264 0.155338 0.00222832
0.00013394 0.121354 0.0365711
-0.00335146 0.126321 0.0310883
-0.0648279 0.169231 -0.040633
0.00385349 0.131511 0.00777739
-0.0676695 0.169747 -0.0321061
-0.0672692 0.175115 -0.0477912
-0.0867081 0.108617 0.0140182
-0.0522912 0.155437 0.0111872
-0.0798379 0.126958 0.0529445
-0.0573055 0.15255 0.0310555
-0.0791744 0.126481 0.052968
-0.0548665 0.152977 0.0251334
-0.0554748 0.154098 0.0219821
-0.0880289 0.104576 0.0140376
-0.0880236 0.1032 0.0097265
-0.0907499 0.136926 0.0175353
-0.0221677 0.127122 0.0121656
-0.0904145 0.131514 0.0345616
-0.077147 0.14375 0.0451173
-0.0315198 0.0995933 -0.0227758
-0.0768725 0.155269 0.00952085
-0.0758493 0.118512 0.0525585
-0.0758322 0.139575 0.0483819
-0.027011 0.124186 0.0197296
-0.0856318 0.0796275 0.00784028
-0.0748424 0.13679 0.0499337
-0.0706027 0.170198 -0.0289005
-0.00720465 0.130604 0.0132577
-0.0352437 0.0853388 -0.0240145
-0.0543122 0.154719 0.0132305
-0.073172 0.120861 0.0535702
-0.0728246 0.125556 0.0530453
-0.073168 0.146063 0.0432812
-0.0471702 0.133199 0.020632
-0.0117765 0.129842 0.01351
0.00683601 0.106201 0.0418096
0.000166509 0.115113 0.0409559
-0.0251199 0.122319 0.0258364
-0.0912848 0.11536 0.0330025
-0.0160276 0.163495 -0.00987714
0.00408818 0.130304 0.0236254
-0.0811802 0.0729419 0.00622997
-0.0681665 0.0995805 0.0412583
-0.048794 0.137584 0.0080714
0.00516375 0.05807 0.0538837
0.060703 0.0646493 0.0104772
0.00184997 0.0768582 0.0571227
-0.0252771 0.125994 0.0144693
-0.0253238 0.125818 0.0154321
-0.00269446 0.130604 0.020662
-0.0252971 0.0964053 0.04402
0.00717546 0.0781588 0.0558975
-0.0282291 0.123817 0.0202727
-0.0651594 0.0913014 0.0442454
0.00801553 0.0815406 0.0554372
-0.0450057 0.146163 0.00317177
-0.063823 0.0894811 0.045071
-0.00383691 0.0838168 0.0573974
0.0435762 0.0921262 -0.00213926
-0.0628301 0.100585 0.0422284
-0.0896325 0.0974388 0.0137481
-0.0860487 0.0801345 0.0111737
-0.000841352 0.109564 0.0428142
-0.05398 0.151494 0.024916
-0.0608169 0.0771071 0.0422444
-0.00316599 0.0806049 0.0576686
-0.00482087 0.118758 0.0385406
-0.0923114 0.131403 0.0129019
0.0071144 0.0852749 0.0563928
-0.0591587 0.0823536 0.0436183
-0.0591641 0.0941693 0.0449193
-0.0588301 0.107488 0.0393891
-0.000165858 0.0624755 0.0566137
-0.0357445 0.158257 -0.0118461
-0.0742113 0.109706 -0.00864052
0.0048253 0.118716 0.0376596
-0.0185269 0.159265 -0.0102658
-0.0568309 0.0771732 0.0432154
-0.0571614 0.0880354 0.0445699
-0.0561617 0.103405 0.0418399
0.0021688 0.0581186 0.0544991
0.0511834 0.0660428 0.0277063
-0.0538255 0.0866876 0.0453191
-0.0538312 0.0927262 0.0443879
-0.05316 0.0954969 0.0437162
-0.0531639 0.108892 0.0385549
0.00083468 0.0652507 0.0565591
-0.0232065 0.104915 -0.0229682
-0.0518305 0.0894724 0.0450175
-0.052159 0.0955078 0.0438459
0.00914972 0.0959076 0.0506171
0.00817402 0.0781494 0.0557935
-0.0836668 0.152712 0.026795
-0.0511627 0.0795658 0.0439553
0.0038135 0.110474 0.0421096
-0.0723676 0.156191 0.0217828
-0.0038832 0.131093 0.0116006
-0.050162 0.0828777 0.0445268
-0.0501646 0.0908557 0.0445157
-0.0498361 0.107507 0.0390527
0.034171 0.0463988 0.0305284
0.00283923 0.087484 0.056787
-0.0491627 0.114352 0.0344001
-0.0478364 0.0781392 0.0435855
0.0198204 0.0952731 0.0473389
0.00205752 0.130466 0.0228727
-0.0468298 0.0742612 0.0420473
-0.0471782 0.0800184 0.0436021
-0.0468315 0.103363 0.0413486
-0.046831 0.163257 0.00577667
-0.0458378 0.0442951 0.0427408
-0.0461676 0.0486949 0.039151
-0.046186 0.0799814 0.0430714
-0.0461648 0.102455 0.0417634
-0.0461495 0.119775 0.0286097
0.00584597 0.0851571 0.0567799
0.0217551 0.0988656 0.045953
-0.044826 0.0742983 0.0423409
-0.0448123 0.0851557 0.0437559
-0.0900882 0.147892 0.0118343
0.0017101 0.131236 0.0184315
-0.0431403 0.0638655 0.0407013
-0.0437118 0.0655687 0.0405138
-0.0431682 0.0841567 0.0428262
-0.0431534 0.107543 0.0397083
-0.0431694 0.116175 0.0328
0.0161694 0.11217 0.0385863
0.00384854 0.0666007 0.0560787
-0.00216629 0.0666431 0.056686
-0.00282734 0.0529834 0.0541662
-0.015417 0.12843 0.0189702
-0.0408214 0.112082 0.0359215
-0.0398271 0.0487512 0.0396743
-0.0391592 0.0469167 0.0401963
-0.0388274 0.0581811 0.0402453
-0.0391545 0.168731 0.00234742
-0.0381574 0.0851707 0.0438406
-0.0381443 0.0921928 0.043525
-0.00210257 0.0426025 0.0470706
-0.0246222 0.158026 -0.0105572
-0.0368306 0.0596007 0.0402399
-0.037164 0.0723979 0.0420528
-0.0368294 0.0893574 0.0433879
-0.0358446 0.078028 0.0421064
-0.0358343 0.0856036 0.0433817
-0.000837647 0.0447077 0.0465398
-0.0351638 0.0714333 0.0417378
-0.0348431 0.0808568 0.0424251
-0.0348299 0.0884247 0.0431788
-0.0341598 0.0969268 0.043938
-0.032831 0.0793753 0.0414203
-0.00322339 0.0379413 0.0142522
-0.032172 0.106578 0.0396374
-0.0892285 0.0965009 0.0100891
-0.0311661 0.0741649 0.0405524
-0.0308368 0.110702 0.03703
0.0471562 0.0656006 0.0279956
0.000837066 0.0861234 0.0572454
-0.000825001 0.0600897 0.055594
-0.0312787 0.154477 -0.000926423
-0.0301624 0.0712726 0.0398262
-0.0132703 0.0968237 0.0518058
-0.0297853 0.0856803 0.0441316
-0.00582663 0.106351 0.0440182
-0.0640888 0.170457 -0.0461941
-0.0288267 0.100632 0.0430832
-0.0291714 0.115735 0.0332376
-0.0281302 0.0455238 0.0503647
-0.0272723 0.0490505 0.0470444
0.00756413 0.129785 0.0243912
0.0480768 0.0435175 0.00558511
0.0121457 0.0945134 0.0508828
0.0379323 0.0557219 0.0314298
0.00799713 0.131447 0.011671
0.036839 0.0517559 0.0316225
-0.0258046 0.0478096 0.0497329
-0.0262769 0.125895 0.00824318
-0.0258231 0.0983573 0.0441802
-0.0261695 0.106654 0.0408231
0.00977831 0.131018 0.00947326
-0.0251652 0.10392 0.0427013
-0.0248635 0.113073 0.0366277
-0.0651282 0.15654 -0.0512858
0.0604022 0.0641598 0.00881054
-0.0241601 0.0506235 0.0444592
-0.0659044 0.154105 -0.00110606
-0.0867548 0.139572 0.00585925
0.0149145 0.129089 0.00565821
-0.0914945 0.144278 0.0208259
-0.0138623 0.170249 -0.0238762
-0.0271182 0.125852 0.0093937
-0.0218533 0.115865 0.0360585
-0.0208429 0.0457462 0.0524422
-0.0555585 0.0483888 0.0313306
-0.0840357 0.153031 0.0251841
-0.0211734 0.113591 0.0381567
-0.054157 0.0536834 0.0105317
0.0580401 0.0625529 0.00283691
-0.0576746 0.15494 0.0226377
-0.0272175 0.157365 -0.0104921
-0.0188339 0.0494691 0.0472089
0.00844975 0.128045 0.0280668
-0.0188308 0.102082 0.0435294
0.0276563 0.0724016 -0.0233792
0.0446737 0.088453 -0.00114172
-0.00115389 0.0778779 0.0583289
0.009898 0.130771 0.0185478
-0.0178239 0.108091 0.041728
-0.000822067 0.0796848 0.0577445
-0.0168297 0.0753631 0.055683
-0.0168303 0.114542 0.0385586
-0.0161467 0.0664118 0.0537546
-0.0161639 0.0763136 0.0560507
-0.0161691 0.103484 0.0431981
-0.0151566 0.093391 0.0549289
0.0516261 0.0456951 0.00888201
-0.0138208 0.074021 0.0561226
-0.01315 0.109537 0.0423819
-0.037063 0.0734735 -0.0180436
0.0537027 0.0542875 -0.0011126
-0.0111578 0.102096 0.0439145
-0.0108204 0.114609 0.0402521
-0.00983194 0.0824663 0.0579059
-0.00883076 0.0586077 0.054726
-0.00917445 0.0764126 0.0574105
-0.0079325 0.0980647 0.0518372
-0.00882727 0.116015 0.0398485
0.0412972 0.098095 -0.00347496
-0.0078355 0.0556685 0.0532365
0.0537806 0.0552219 -0.0014448
-0.00684472 0.0764623 0.0579871
-0.00715714 0.0865739 0.0571466
-0.014923 0.0361313 -0.0178444
-0.00582823 0.059549 0.0551408
0.0399378 0.064916 0.031898
0.052473 0.0535155 0.0276781
0.0548956 0.0665856 0.0259986
-0.0447428 0.149539 -0.00452936
0.0301688 0.0911539 0.0431808
0.0118807 0.0762168 0.0546917
0.0545846 0.052983 0.000881819
-0.0643746 0.157798 -0.0499767
-0.0714963 0.133127 0.0499754
-0.071724 0.134544 0.0496581
-0.0694079 0.127521 0.0512203
-0.0635768 0.152264 -0.0329953
0.0305685 0.078655 0.0436647
0.0319474 0.10123 0.0369996
0.0387934 0.0945329 0.0328277
0.045932 0.0802591 0.0195196
-0.0682 0.113735 0.0481749
-0.0692368 0.139251 0.0462302
-0.0531782 0.0410049 0.0464278
0.0391032 0.0936356 0.0327023
0.0397403 0.0856375 0.0335045
-0.0676058 0.141615 0.0438902
-0.0214107 0.177672 -0.0147025
-0.066408 0.137789 0.0432536
-0.019199 0.16446 -0.00979634
-0.0140506 0.175198 -0.0199009
-0.0621877 0.123633 0.0440709
-0.0646384 0.134879 0.0404641
-0.0365228 0.0995465 -0.0222738
-0.0639124 0.132971 0.0403824
-0.0298265 0.162924 -0.00408377
0.0225162 0.0510432 0.0417119
0.0106616 0.0625971 0.0533893
-0.0572836 0.0476264 0.0310031
0.0230496 0.093504 0.0472186
0.0223907 0.112211 0.0366883
0.0184076 0.0613564 0.0487644
-0.0588759 0.119336 0.0399707
-0.0375476 0.108039 -0.0198993
0.0535425 0.0489165 0.0218401
0.0403469 0.106075 0.00483372
0.0220815 0.0791 0.0501618
-0.0921175 0.126485 0.0329215
-0.0574231 0.117909 0.0385405
-0.0508968 0.0384339 0.0463354
-0.0506808 0.0393482 0.0460851
0.0190648 0.103803 0.0441186
-0.0568747 0.128807 0.0382504
0.0220237 0.0826843 0.0501093
0.0153072 0.0922781 0.0509677
-0.0844879 0.0848146 0.0271239
-0.0575234 0.136258 0.0338
-0.057985 0.150596 0.0332574
-0.0260598 0.172222 -0.0109178
-0.0548976 0.133008 0.03408
0.00840896 0.113245 0.0398311
0.0365644 0.0765509 -0.0131397
0.0575191 0.0513877 0.0118505
-0.00303961 0.123105 0.0350651
-0.0257616 0.169262 -0.0105105
0.0173001 0.0500066 0.0447158
0.0146147 0.0944564 0.0499658
0.0213211 0.0587417 0.0477096
-0.0534303 0.133002 0.0326789
-0.00514593 0.0427473 0.0480526
-0.0131983 0.167392 -0.0151696
0.0169774 0.0931343 0.0486909
-0.0489704 0.143491 0.00371988
0.0302582 0.0466518 0.0334987
0.0291884 0.0946879 0.0429406
-0.000672231 0.103775 0.0441173
0.0155751 0.050001 0.0457241
-0.049782 0.11728 0.0321868
0.0264954 0.0650432 0.0440954
0.0260742 0.066814 0.0440794
0.0291223 0.0933638 0.0434258
-0.069051 0.118387 0.0526081
-0.0252134 0.166322 -0.00914441
0.024111 0.0481589 0.0392949
0.0331636 0.0568882 0.0378519
-0.048558 0.128705 0.0291841
-0.00690269 0.0373882 0.0489503
0.038554 0.0936671 0.0336503
0.0251953 0.0694896 0.0445893
-0.0745129 0.0973989 -0.01363
-0.0217846 0.163439 -0.00768976
-0.0476156 0.123458 0.0286754
0.0269203 0.0468097 0.0374878
0.0540574 0.0604461 0.0282806
0.039017 0.0816502 0.0348136
0.0387775 0.0735374 0.0343689
-0.047164 0.125823 0.027545
0.0106315 0.0878004 0.0547285
-0.0263646 0.161975 -0.00375973
-0.0736247 0.134999 -0.00736127
0.0161426 0.0457109 0.0435676
0.0375441 0.056646 0.0318313
-0.028901 0.15617 -0.000997221
0.0238294 0.0596205 0.0454749
0.0191567 0.0826208 0.0512305
-0.0288141 0.166315 -0.0073144
0.0470587 0.0535093 0.0315632
-0.0293599 0.170734 -0.00808474
0.0294932 0.0960014 0.0422128
-0.0300359 0.157614 0.000889924
0.0348241 0.0736517 0.0392187
0.0464858 0.0516354 0.0313039
0.0193157 0.0790876 0.0520154
0.0283566 0.103875 0.0382363
0.0276978 0.105656 0.0378696
0.027977 0.0643117 -0.0208789
0.0452861 0.0784413 0.0226006
0.010684 0.0842352 0.0547739
0.0581133 0.0616848 0.0235895
0.0280189 0.0681737 0.0428084
0.0438348 0.0522653 0.0325039
0.0528261 0.0472115 0.00687649
0.0203252 0.0759382 0.0511094
0.0512456 0.0632325 0.0291916
-0.0270015 0.170243 -0.00995002
0.0463745 0.078787 0.00885223
0.0397733 0.107467 0.0098313
0.0327913 0.0763878 0.0415806
0.0460524 0.0857604 0.00884051
0.0384445 0.0856763 0.0351555
0.0282042 0.083999 0.044959
0.0282395 0.0813141 0.0449921
0.0183796 0.0668024 0.0499614
0.0286098 0.111872 0.0339346
0.0348771 0.101205 0.0342313
0.0140972 0.034352 0.00203547
0.0302297 0.0525858 0.0376483
-0.0175975 0.0437252 0.0521201
0.0138597 0.0905089 0.0523838
0.0438602 0.0772489 0.0258504
-0.037509 0.165686 -0.0134604
0.035809 0.102502 0.0320384
0.0300202 0.0486791 0.0355411
0.0101849 0.0438952 0.0448219
0.016175 0.0626876 0.0502512
-0.0569445 0.0406708 -0.009041
-0.0253943 0.161993 -0.00410755
-0.0452608 0.156968 0.00696672
0.0424862 0.0700359 -0.00412852
0.0391168 0.098442 0.0297864
0.0244746 0.102546 0.0420021
0.0448862 0.0753902 0.000536974
-0.0347082 0.034189 0.0166373
0.0438825 0.0850413 0.0259327
0.0274659 0.0510972 0.0383064
-0.0186272 0.18262 -0.0170848
0.0345712 0.105601 0.0314095
-0.0162218 0.172244 -0.0172139
0.033275 0.0664467 0.0398426
0.028888 0.0786369 0.0447478
-0.0184537 0.182124 -0.0174351
0.0293714 0.0421265 0.0303848
0.0298248 0.044143 0.031661
0.0432507 0.0785201 -0.00411438
-0.0431967 0.148222 0.00459951
0.0336155 0.101662 0.0353249
-0.00959686 0.0403012 0.0496277
-0.0171397 0.183586 -0.0189828
0.028773 0.0853144 0.0440343
-0.0181423 0.175208 -0.0170398
0.025624 0.0990427 0.0430713
-0.00892647 0.0412638 0.0494312
0.0305248 0.101237 0.0384615
0.0289935 0.0817584 0.0443309
0.0330425 0.0911807 0.041469
0.0118225 0.0544177 0.0514932
-0.0409061 0.158964 0.00333219
-0.0676036 0.126282 -0.00887135
-0.0379466 0.0387658 -0.0289461
0.0229373 0.0654396 0.045986
-0.03852 0.154604 0.00441619
0.0408998 0.0890975 0.0305601
-0.0170773 0.172237 -0.0166962
0.0546465 0.0652921 0.0268085
0.0239577 0.0690331 0.0457079
0.045837 0.0773373 0.00386758
-0.0119089 0.169469 -0.0244282
-0.0107239 0.165186 -0.0192891
0.0233077 0.0732159 0.0483516
0.031925 0.105651 0.0346306
-0.0371755 0.164322 -0.000664091
-0.0369636 0.166296 0.000227093
-0.0872761 0.110012 0.0146779
0.0128111 0.055819 0.0511813
-0.0340093 0.1571 0.00275999
-0.0339678 0.159009 0.00278595
-0.0365091 0.16432 -0.00145347
0.0314803 0.0858025 0.0426964
0.024872 0.0544741 0.0422404
-0.0329974 0.15902 0.0024399
0.0499879 0.0586199 0.0304944
0.00715071 0.110045 0.0409139
-0.0890096 0.0924925 0.0217515
0.0272078 0.0569216 -0.0204339
-0.0904825 0.134123 0.00988545
-0.0843294 0.0809559 0.0221627
-0.0409721 0.0496336 -0.0112365
-0.0419623 0.147992 -0.000197716
-0.0901641 0.139709 0.0228452
-0.091447 0.130465 0.00857626
-0.0894329 0.113618 0.00764112
-0.0585214 0.0435124 0.0240241
0.0394776 0.107922 0.0108317
-0.0625988 0.164175 -0.0352585
-0.0625557 0.156271 -0.0359454
-0.062066 0.158932 -0.0362724
-0.0628188 0.149712 -0.0197416
-0.0623649 0.149615 -0.0112408
0.0384405 0.0846775 -0.0144307
-0.0628515 0.165216 -0.0372584
-0.089374 0.151597 0.0161479
-0.0355 0.034507 0.0352097
-0.0886109 0.0964534 0.00708774
-0.0835675 0.14828 0.00381313
-0.06331 0.155719 -0.0382796
-0.0118877 0.164572 -0.0144062
0.0405579 0.0862494 -0.0111067
-0.062298 0.15272 -0.0142461
0.0360056 0.059162 -0.0114134
-0.0933011 0.124561 0.0119327
0.0388109 0.0612927 -0.00809761
0.0309119 0.0558452 -0.0154505
0.0412942 0.0811831 -0.00809446
-0.0418914 0.128173 0.000540176
-0.0924862 0.131429 0.0155629
0.0191135 0.0365825 -0.0100079
-0.0847694 0.0795582 0.00485243
0.0410083 0.0806909 -0.00843183
-0.0612949 0.145619 -0.00430134
-0.0383775 0.0690644 -0.0159085
-0.0895557 0.137473 0.0368523
-0.0610652 0.170435 -0.0589678
-0.0911584 0.127246 0.00693786
0.0420739 0.0882474 -0.00812871
-0.0624975 0.161002 -0.0429286
0.0507934 0.0451812 0.00755808
0.038199 0.0626307 -0.010115
-0.0857847 0.105798 0.00473606
-0.00552115 0.0987013 -0.0272063
0.0348032 0.0660709 -0.0154824
-0.0345425 0.0476287 -0.0214314
0.0410805 0.0853594 -0.0101178
0.0375345 0.086471 -0.015412
-0.00881925 0.170151 -0.023413
0.0435883 0.0991891 0.00683549
0.0193475 0.0361156 -0.00734575
-0.0915443 0.114211 0.0120053
0.0373935 0.0775613 -0.0124601
-0.0914747 0.132774 0.011889
-0.0574413 0.0448088 0.0250164
0.0324205 0.0649316 -0.0181003
0.0531292 0.04727 0.00787987
-0.0384131 0.0773185 -0.0188928
0.0382956 0.059391 -0.00739624
0.0321743 0.0785408 -0.0194124
0.0279171 0.063619 -0.02109
-0.0627819 0.150091 -0.0212331
-0.0617694 0.154795 -0.0192472
-0.0635442 0.159365 -0.0479254
-0.092245 0.117898 0.0316367
0.0331664 0.0786238 -0.0184308
-0.0478677 0.135045 0.00873871
-0.0541056 0.144133 0.0270797
-0.05456 0.147236 0.0270667
0.0430144 0.092127 0.0254995
0.0376853 0.107872 0.0248565
0.0171412 0.0372966 -0.0183555
-0.0622778 0.167298 -0.0492578
-0.0340707 0.156111 -0.0103496
-0.0101753 0.171338 -0.0268175
0.0399395 0.103715 0.023833
-0.0623484 0.164143 -0.050256
-0.0390238 0.150296 0.00206893
0.0371479 0.057888 -0.0083866
-0.0623842 0.168872 -0.0499238
-0.0533282 0.146748 0.0230724
0.0460488 0.0799664 0.0181056
0.0435834 0.0982627 0.0148251
-0.0823207 0.109378 0.0280366
-0.0528193 0.143677 0.0217445
-0.0623949 0.163614 -0.0509221
-0.0621676 0.165719 -0.0512559
0.0594483 0.0626958 0.020841
0.0608794 0.0632778 0.0144944
0.0432923 0.0991865 0.0144919
0.0494338 0.0435536 0.0128868
-0.0261165 0.156881 -0.00922685
-0.0523379 0.142118 0.0207207
0.0424474 0.0737745 -0.00546703
0.045449 0.0843237 0.019837
0.0447738 0.0908317 0.019496
-0.0172811 0.0388001 -0.0114252
0.0469108 0.0433958 0.00360601
-0.0154959 0.160692 -0.0104255
0.0393127 0.107462 0.0175012
0.0604316 0.0590818 0.0145022
0.0425266 0.0793971 -0.00544402
0.0461159 0.08017 0.016508
0.044526 0.094095 0.0168245
0.0443526 0.0950205 0.0164891
0.0424515 0.10056 0.0164966
0.0415664 0.102391 0.0168293
-0.0617687 0.15581 -0.0289213
0.0599621 0.0576498 0.0155077
-0.0768708 0.15461 0.00514898
-0.0632982 0.154777 0.028877
-0.0642046 0.177297 -0.0548871
0.0560669 0.0696233 0.0226037
-0.0636326 0.17863 -0.0575782
-0.0741384 0.106077 0.0369842
0.0562373 0.0727393 0.0138277
-0.0118856 0.180626 -0.0249441
0.0549295 0.0732331 0.0148222
0.0529213 0.0727542 0.0195035
0.0513775 0.0728186 0.0194085
0.0529673 0.0736169 0.0140922
-0.0795269 0.154786 0.0105419
-0.0798241 0.154605 0.00995285
0.0454123 0.0707396 0.022565
-0.0804545 0.154894 0.0131394
-0.0545953 0.0487584 0.0309945
-0.0642378 0.163081 -0.0222431
-0.0347095 0.0489136 -0.0160006
-0.0609517 0.155892 0.0209709
-0.0716923 0.179014 -0.0494014
-0.0455502 0.122326 0.0259752
-0.03719 0.127313 0.0160176
-0.0514211 0.135361 0.0278834
-0.0836852 0.154158 0.0164177
-0.0708066 0.172715 -0.0375722
-0.0436668 0.129114 0.0146242
-0.066333 0.157688 -0.00857424
-0.0653665 0.173746 -0.0485605
-0.0423844 0.129153 0.011156
-0.0780643 0.175031 -0.0444271
-0.072178 0.173091 -0.037613
-0.0324071 0.125092 -0.000377104
-0.0435723 0.126261 0.0196657
-0.082281 0.0753498 0.0128603
-0.0623854 0.0453875 0.037362
-0.0433892 0.129466 0.00782054
-0.068857 0.155384 0.00557152
-0.0448402 0.0524195 0.0385641
-0.0370804 0.124912 0.0229693
-0.033288 0.12688 0.00810271
-0.0554642 0.154355 0.0190702
-0.0712929 0.156194 0.0134279
-0.069293 0.155616 0.0267535
-0.0428679 0.127784 0.0169144
-0.0320788 0.126577 0.0119791
-0.0318678 0.126435 0.0100943
-0.0408741 0.12722 0.0171478
-0.0335321 0.126019 0.0183383
-0.0894604 0.0951835 0.0150894
-0.056299 0.154591 0.0216787
-0.0548758 0.154559 0.0144845
-0.0764506 0.155952 0.0159838
-0.0400859 0.125307 0.0218875
-0.0638746 0.154091 -0.0374199
-0.085296 0.0787473 0.0131788
-0.0421391 0.128931 0.0068103
-0.0912491 0.143842 0.0248269
-0.0117811 0.129369 0.0193095
-0.0889059 0.101914 0.0147192
-0.0130401 0.184378 -0.0262729
0.0365611 0.110307 0.0236961
-0.0649935 0.165457 -0.0263509
-0.0646379 0.165159 -0.0267005
0.0388103 0.10813 0.00378445
0.0377349 0.110381 0.0141089
0.0371082 0.111267 0.0138863
-0.0402243 0.127553 0.0159006
-0.0463514 0.13322 0.0140661
-0.060365 0.155882 0.012965
-0.0315379 0.124572 0.0205559
-0.0712772 0.172775 -0.0372717
0.03035 0.114302 0.0301832
0.0346615 0.114352 0.0187202
-0.0681599 0.14942 0.0391926
-0.0742176 0.171872 -0.0340606
-0.0273505 0.181441 -0.00857664
0.0309133 0.117914 0.0234873
-0.0301501 0.12567 0.015147
0.029455 0.118644 0.0253145
0.0283128 0.11784 0.028219
-0.0696196 0.172352 -0.038083
-0.06917 0.17271 -0.0398348
-0.0680076 0.165525 -0.0202783
0.0329362 0.116952 0.00998507
0.0329558 0.116911 0.0109469
0.0287613 0.119362 0.025055
-0.0723903 0.15226 0.0351759
-0.0602211 0.154761 0.0270589
-0.0396032 0.128281 0.00431112
-0.0747278 0.156176 0.0160976
0.0312687 0.118742 0.0107759
0.031301 0.118729 0.0117418
0.0292564 0.120171 0.0195343
-0.0221577 0.125764 0.00168989
-0.0938338 0.127339 0.0169187
-0.0614246 0.155904 0.0125878
-0.0385283 0.102345 -0.0210479
0.0300009 0.119697 0.00697777
-0.0705715 0.175587 -0.0446774
-0.0894391 0.099229 0.013738
0.0198276 0.107533 0.0403492
0.0241296 0.124003 0.0218965
-0.0642741 0.166412 -0.0323061
0.000651191 0.0997796 0.0488261
0.0204068 0.123538 0.0280853
-0.000120192 0.101496 0.0446276
0.0221012 0.125112 0.0225683
-0.047279 0.14474 0.00293897
-0.0688638 0.166323 -0.0210788
0.0250372 0.124063 0.0108272
-0.0697774 0.165606 -0.0185282
-0.0908234 0.124947 0.00594519
0.0235356 0.125121 0.0121665
0.0151944 0.122717 0.0319946
0.022726 0.125625 0.0118673
-0.082232 0.0753376 0.0151956
-0.0825815 0.150919 0.00356437
-0.0306237 0.125743 0.0154671
0.0252799 0.121406 -0.000470961
-0.0133945 0.18287 -0.0243251
-0.0759253 0.166682 -0.0239182
-0.0669077 0.167694 -0.0275296
-0.0840328 0.146907 0.00449143
0.0220716 0.124835 0.00260033
0.0218454 0.125523 0.00537395
0.0157377 0.128196 0.021651
-0.0376013 0.122556 0.0272713
0.0184316 0.120171 0.0335392
-0.0868934 0.109992 0.011024
0.0133494 0.128906 0.022674
-0.0842061 0.145531 0.00482029
0.0154958 0.129043 0.0149001
-0.0112549 0.0577831 0.0532673
-0.0186191 0.0702093 0.0536814
-0.0234365 0.0883936 0.053211
-0.0247552 0.090103 0.0502437
-0.035936 0.0389638 0.0464171
-0.0268144 0.083242 0.0501541
-0.0216851 0.0571858 0.0453833
-0.050135 0.050399 0.0361735
-0.0294771 0.0471029 0.0477671
-0.0599461 0.0403467 0.0448842
-0.0249869 0.0787008 0.0522335
-0.0709704 0.14274 -0.0102162
-0.0498652 0.052263 0.0344756
-0.0302556 0.0362141 0.0518774
0.0323824 0.0375872 0.00114791
-0.076965 0.165463 -0.0241882
-0.0216311 0.0657444 0.0478809
-0.0673203 0.137489 -0.00805911
-0.0771314 0.162671 -0.0196865
-0.0240107 0.0718663 0.0477098
-0.0768074 0.16085 -0.0152533
-0.0615914 0.0367665 -0.00863909
-0.0702656 0.0814888 0.0407002
-0.0241526 0.0897009 0.0515349
-0.0265182 0.174652 -0.0187514
-0.0291288 0.0454828 0.0499726
-0.0788645 0.116042 0.0495729
-0.0364691 0.151236 -0.00372749
-0.0763279 0.158563 -0.0105161
-0.0516463 0.0552448 0.021365
-0.0244494 0.0757689 0.0503662
-0.0529946 0.0584931 0.0242923
-0.0707938 0.0980273 0.0410201
-0.0626101 0.0363783 0.0433295
-0.0235245 0.084358 0.0548314
-0.0240147 0.0843463 0.0543786
-0.0804711 0.140325 0.0467409
-0.0277026 0.0854519 0.0481453
-0.0503948 0.144547 0.000296624
-0.020106 0.0911354 0.0540478
-0.0229302 0.0385156 0.0307687
-0.0666146 0.0356525 0.0331972
-0.0826197 0.122156 0.0494471
-0.0281514 0.0441998 0.0509319
-0.0774654 0.177387 -0.0476205
-0.0788349 0.146559 0.041595
-0.0805261 0.143867 0.0433798
-0.0522709 0.0574809 0.0270756
-0.0487815 0.0619041 0.0354748
-0.030667 0.153851 -0.00324741
-0.07201 0.0878704 0.04131
-0.0345985 0.034983 0.0332284
-0.084051 0.127612 0.0506832
-0.0145849 0.0989068 0.0466477
-0.0815129 0.121239 0.0493273
-0.082183 0.117208 -0.0029429
-0.0697122 0.0781984 0.0394486
-0.0716721 0.037975 0.00175373
-0.0260927 0.0873724 0.0502519
-0.0816055 0.145642 0.040642
-0.0407823 0.0399786 0.0426778
-0.0201592 0.101167 0.0439631
-0.0724962 0.035956 0.00228663
-0.071158 0.0394052 0.00267185
-0.0863719 0.121244 0.0485357
-0.0825611 0.118562 0.0490396
-0.0732097 0.082844 0.0393681
-0.0295493 0.0926161 -0.0250531
-0.0818846 0.134921 0.0497317
-0.0760677 0.102617 0.0359761
-0.0838071 0.122152 0.0492088
-0.0844102 0.124845 0.0497225
-0.0844489 0.12393 0.0493366
-0.0867814 0.136095 0.0441902
-0.0177815 0.0976077 0.0473146
-0.0389943 0.0596938 -0.0117118
-0.0258192 0.0415509 0.0539068
-0.05754 0.0385241 0.0467916
-0.0314215 0.0465739 0.0459533
-0.0727844 0.100409 0.0388701
-0.0215975 0.0662425 0.0483046
-0.0199233 0.100563 0.0440962
-0.0721324 0.101168 0.0388974
-0.0170677 0.0660937 0.0531758
-0.0386444 0.0388319 0.0430954
-0.0269282 0.0846041 0.0497422
-0.0588067 0.15695 0.00313549
-0.0183403 0.159145 -0.00985722
-0.0651043 0.0407666 0.0313368
-0.0660371 0.0388817 0.0299296
-0.0870145 0.0928238 0.0260152
-0.0298667 0.0364622 0.0523244
-0.0394522 0.0846228 -0.0217443
-0.0865029 0.0942173 0.0268711
-0.0857427 0.100964 0.0263816
-0.072316 0.139411 -0.00721664
-0.0252192 0.065929 0.0420454
-0.0209444 0.0577014 0.046504
-0.0851083 0.0933882 0.0288034
-0.0850597 0.096993 0.0286509
-0.0303315 0.0525796 0.0370757
0.0437922 0.0434648 0.000609386
-0.0164304 0.096125 0.0516695
-0.0838437 0.0847743 0.0287577
-0.083805 0.102827 0.0281555
-0.0668232 0.0884697 0.0441094
-0.0639108 0.0431864 0.0120816
0.0283783 0.040838 0.0301749
-0.0643613 0.0392852 0.0154575
-0.0636644 0.0414745 0.0142351
-0.0826659 0.131914 -0.00314711
-0.0210848 0.0662922 0.0492049
-0.0818894 0.0876371 0.0323765
-0.0821542 0.0944189 0.0324115
-0.090355 0.11581 0.0269075
-0.0773103 0.0837344 0.0368377
-0.0637951 0.0361934 0.0178072
-0.0591071 0.0452191 0.0124081
-0.0846245 0.148212 0.0346465
-0.0622862 0.0392977 0.0171545
-0.027176 0.052697 0.0382734
-0.0250537 0.0949448 0.0447142
-0.0546894 0.0504535 0.0106833
-0.0862552 0.142847 0.0392355
-0.0844314 0.145122 0.0387687
-0.0192782 0.096317 0.0488474
-0.0349068 0.0762134 -0.0208577
-0.0772587 0.0809371 0.0354659
-0.0786838 0.0855471 0.0362761
-0.0787117 0.0909117 0.0361474
0.0108006 0.124583 -0.00759524
-0.0679035 0.161407 -0.0553273
-0.0685782 0.171795 -0.0553612
-0.068543 0.16709 -0.053668
0.0179247 0.0825975 0.0517873
0.0108126 0.122652 -0.0108398
-0.0700256 0.165676 -0.0496624
-0.0708873 0.164275 -0.0466449
-0.0706696 0.158639 -0.045254
-0.0708938 0.160056 -0.0445999
-0.0718544 0.164756 -0.0443017
-0.0732012 0.166149 -0.0423264
-0.0725545 0.154497 -0.0362362
-0.0280994 0.0838827 -0.0357668
-0.0412957 0.0343094 0.0294549
-0.0735579 0.150779 -0.0352184
-0.0727116 0.157295 -0.0345821
-0.0861686 0.0837708 0.0201474
-0.0281309 0.0884232 -0.0332712
-0.0727765 0.155905 -0.0335783
-0.0789724 0.165714 -0.0336258
-0.024934 0.0646147 -0.0329901
0.00822569 0.099261 -0.0224405
-0.089895 0.14352 0.029262
-0.0787512 0.164322 -0.0306231
-0.0920661 0.119211 0.0279672
-0.075038 0.160103 -0.0296119
0.00832173 0.0977632 -0.0241949
0.00282114 0.121637 -0.0123332
-0.0304675 0.0687877 -0.0277919
-0.032888 0.0812051 -0.0281889
-0.077997 0.161993 -0.0282779
-0.0917207 0.129215 0.0309059
-0.0334522 0.0770165 -0.0271798
-0.027969 0.0927002 -0.0272444
-0.0745332 0.152227 -0.0275545
-0.0427883 0.0383741 -0.0256533
-0.0742709 0.153161 -0.0262282
-0.0343348 0.0720043 -0.0200005
-0.0299736 0.0640631 -0.0250951
-0.0313137 0.0669945 -0.0241179
-0.0524953 0.151173 0.0168219
-0.0438815 0.0389494 -0.0228847
-0.0898166 0.136098 0.0358676
-0.0744129 0.155033 -0.0222432
-0.0779826 0.159232 -0.0222565
-0.0201398 0.181003 -0.0226673
-0.0426467 0.0431021 -0.0209855
-0.0345196 0.071588 -0.0192975
-0.0348073 0.0771602 -0.0211647
-0.0297287 0.0527801 -0.0200361
-0.057923 0.0458035 0.0273458
-0.0299278 0.0518638 -0.0186961
-0.0302451 0.0547124 -0.018715
-0.0223507 0.182469 -0.0196947
-0.0752844 0.152274 -0.0182284
-0.0514947 0.035832 -0.012313
-0.0326648 0.0337904 0.0168127
-0.022464 0.184677 -0.0174398
-0.0646731 0.0397964 0.0276208
-0.0928766 0.118381 0.0349666
-0.0756941 0.153647 -0.0162352
-0.032764 0.061482 -0.015141
-0.0184759 0.121368 -0.00913558
-0.0917012 0.143814 0.0194962
0.024477 0.106673 -0.0156609
-0.0763959 0.153652 -0.0142287
-0.0774791 0.156011 -0.014239
-0.0916987 0.142443 0.019835
-0.0318248 0.0558158 -0.013071
0.00337328 0.130543 0.00178831
-0.0759111 0.0833251 -0.0129201
-0.0768393 0.088859 -0.0128994
-0.0284806 0.122388 -0.00611803
-0.0082616 0.122734 -0.0107406
-0.0296343 0.113567 -0.0168813
-0.0868828 0.109517 0.0126838
-0.0759365 0.149065 -0.0135339
-0.0767943 0.1537 -0.0122296
0.0106186 0.129154 0.000194513
0.0213275 0.123975 -0.000947766
-0.0745647 0.0779616 -0.0108496
-0.0378007 0.173631 -0.0105995
0.0117966 0.122511 -0.0106899
0.0102973 0.120045 -0.0140288
-0.0914253 0.128775 0.0365738
-0.0325643 0.0337779 0.0156431
0.0121374 0.117525 -0.0153149
-0.0764217 0.14909 -0.00820934
-0.0888704 0.099239 0.0200599
-0.0814421 0.0959798 -0.00722344
-0.076612 0.107055 -0.00806029
-0.0896434 0.134701 0.0305453
-0.0398963 0.173636 -0.00759405
-0.0527535 0.0535356 -0.00685503
-0.0549463 0.0583532 -0.00575907
-0.0794862 0.0781491 -0.00591003
-0.078544 0.107657 -0.00592531
0.0133234 0.0952086 -0.0254671
-0.0767571 0.150493 -0.00657639
-0.088397 0.0865813 0.0108047
-0.0878093 0.0856499 0.0111418
-0.0209903 0.0990047 -0.0242577
-0.0186111 0.0968102 -0.0273078
-0.0259587 0.120215 -0.00985706
-0.0770461 0.153281 -0.00555915
-0.0661864 0.150754 -0.0369366
-0.0573039 0.047017 -0.00369765
-0.0762796 0.07198 -0.00419629
-0.0846098 0.0916414 -0.00422441
-0.026023 0.123955 -0.00175229
-0.0781496 0.14262 -0.00442266
-0.0361048 0.0808617 -0.0217832
-0.0563448 0.0497039 -0.00270451
-0.074239 0.0705049 -0.00315749
-0.0842622 0.0848531 -0.00321127
0.0208528 0.123438 -0.00237934
-0.0191666 0.0379452 -0.0172415
-0.0496232 0.165054 -0.0035862
-0.0872016 0.0851564 0.00981404
-0.0570141 0.0488575 -0.00204269
-0.0727488 0.0689877 -0.00218312
-0.0804365 0.075571 -0.00182976
-0.0841505 0.101602 -0.00227596
-0.0784411 0.148202 -0.0025295
-0.0784548 0.149133 -0.0022092
-0.0465452 0.168899 -0.00265362
-0.0801284 0.0751079 -0.00114299
-0.0854506 0.0863062 -0.00118797
-0.085553 0.0903569 -0.00121557
-0.0782438 0.150994 -0.00154876
-0.0690049 0.0426177 0.00135965
-0.0571743 0.0530672 0.00196679
-0.0886695 0.120367 0.00164248
-0.088561 0.125805 0.00194172
-0.0838399 0.140869 0.00189751
-0.0825154 0.14641 0.00185028
-0.0816829 0.149148 0.00185218
-0.0520553 0.056574 0.0277672
-0.0893268 0.119485 0.00297609
-0.0888337 0.124439 0.00261584
-0.0832651 0.142737 0.00250971
-0.0688664 0.0429746 0.00397847
-0.0818531 0.0743588 0.00419298
-0.0873331 0.0986245 0.00409093
-0.0851635 0.111164 0.00395022
-0.0234505 0.123785 -0.00366323
-0.000362218 0.0994232 -0.0246217
0.0152804 0.124009 -0.0063204
-0.0190847 0.119215 -0.0115341
0.0328676 0.0929072 -0.0169962
0.0281684 0.105264 -0.0148188
0.0245817 0.112551 -0.0119682
0.0166703 0.126213 -0.00136601
0.0436826 0.0640726 -0.00152877
0.0334215 0.11242 -0.00378878
0.0136287 0.094111 -0.0263017
-0.0614326 0.0459593 -0.000638418
0.030098 0.107199 -0.0122246
-0.00773487 0.0955548 -0.0325806
-0.0360106 0.0452456 -0.0259226
0.0563812 0.0640627 0.00128719
0.0363424 0.101468 -0.0100874
-0.0148007 0.126233 -0.00233702
0.0396375 0.0608935 -0.00544162
0.0282176 0.113038 -0.00915896
0.0463665 0.0745861 0.00581916
0.0457826 0.0701944 0.00295182
-0.0201473 0.113861 -0.0179125
0.0127908 0.122055 -0.0108681
-0.0263655 0.124651 0.00067051
-0.0613641 0.147691 -0.0032565
-0.0660755 0.154772 0.00366947
-0.00850832 0.0989923 -0.0262165
-0.00849469 0.10137 -0.0240258
0.0150392 0.119967 -0.0119575
-0.0257934 0.0950799 -0.0255204
-0.007824 0.120527 -0.0130704
-0.00785937 0.121469 -0.012069
-0.0194656 0.107958 -0.0218652
-0.00487347 0.116432 -0.016046
-0.0100938 0.128074 -0.00106796
-0.0314802 0.0469662 -0.0255524
-0.020245 0.101136 -0.0239184
-0.00510819 0.118651 -0.0144168
0.0342462 0.102606 -0.011977
-0.0159482 0.113788 -0.0178494
-0.0360904 0.0404822 -0.0292813
0.0465443 0.0630363 -0.00251262
-0.0567085 0.139402 -0.00421981
-0.00266151 0.122248 -0.0109389
-0.0207754 0.122926 -0.00679409
0.00645623 0.130105 0.0008617
0.0389662 0.093234 -0.00998257
-0.0575516 0.121248 -0.00934733
0.00827307 0.120891 -0.0135983
-0.0242229 0.037946 0.0135927
-0.0561592 0.115452 -0.0147083
0.007623 0.123647 -0.00987526
0.0268103 0.0794087 -0.0235142
-0.0536981 0.118152 -0.0135554
-0.053768 0.116998 -0.0143501
-0.0529255 0.121338 -0.010874
-0.0303946 0.110417 -0.0182287
0.0349207 0.106536 -0.00815335
-0.0306281 0.115389 -0.015456
0.0477917 0.0689307 0.0022367
0.0255384 0.0972514 -0.0202703
-0.0518588 0.12341 -0.00903682
-0.0649984 0.0422174 0.0334569
-0.0240129 0.0978987 -0.0244366
-0.0115685 0.128284 0.000777985
-0.0493649 0.126104 -0.00657105
-0.0181656 0.111589 -0.0195281
-0.0120605 0.128353 0.00139507
-0.0358771 0.172053 -0.0131662
-0.0165364 0.117045 -0.0152979
-0.0483754 0.120604 -0.0128503
-0.0176084 0.114996 -0.0171246
0.0268963 0.0957604 -0.020038
-0.0356028 0.170232 -0.0140395
-0.0482872 0.131187 0.000824308
-0.0473927 0.116089 -0.0154799
-0.0476307 0.114606 -0.0159156
-0.0194606 0.099575 -0.0241925
-0.00979911 0.127638 -0.00263803
-0.0461401 0.128163 -0.002039
-0.045412 0.117153 -0.0152491
-0.0462127 0.111513 -0.0173128
0.0393804 0.101923 -0.0044552
0.0513174 0.0705902 0.00387801
-0.00621129 0.117217 -0.0155463
-0.020328 0.124799 -0.00271249
-0.0609496 0.171492 -0.0603495
-0.00108178 0.0920334 -0.0342568
0.038441 0.104522 -0.0022433
0.0228131 0.119865 -0.00650639
0.0132561 0.127133 -0.00235179
-0.0427166 0.123681 -0.0101062
0.0545761 0.0720704 0.00719054
0.0322704 0.100855 -0.014137
0.0321984 0.102789 -0.0135098
0.0341183 0.107055 -0.00871802
-0.0427255 0.114153 -0.0160929
0.0139994 0.0374739 0.0443102
0.0527491 0.0631306 -0.0018859
0.00371705 0.13013 0.000529006
0.00499682 0.09558 -0.0298724
-0.0413686 0.126171 -0.0060632
0.00992342 0.102 -0.0213462
0.0155299 0.103478 -0.0209086
-0.0391601 0.113574 -0.0168496
0.0533171 0.0601502 -0.00283695
0.00498378 0.122658 -0.0114672
0.0499246 0.0719433 0.00649712
0.0327931 0.111279 -0.0065901
-0.038143 0.123926 -0.00838319
-0.019122 0.116156 -0.0156668
0.0512057 0.0713676 0.00508098
-0.0197234 0.186476 -0.0194478
0.00705091 0.115941 -0.0175885
-0.0111873 0.0926177 -0.0356104
0.0537181 0.0721433 0.00696686
-0.0353544 0.1215 -0.00913135
-0.0775345 0.105769 -0.00789546
-0.0682327 0.10426 -0.0143228
-0.0400805 0.0758785 -0.018388
-0.0421981 0.10376 -0.0208854
-0.0721949 0.0998512 -0.0139196
-0.0721343 0.0898214 -0.015863
-0.0685875 0.154946 -0.0511155
0.0466857 0.0499117 -0.0045892
-0.042524 0.101857 -0.0213502
-0.0773386 0.140321 -0.00547161
0.0437094 0.0485245 -0.00522337
0.04403 0.0495266 -0.0055643
-0.0420541 0.0715526 -0.0177314
-0.0746211 0.133527 -0.00736813
-0.0785502 0.122713 -0.00628907
-0.0621759 0.0944115 -0.0188034
-0.0626398 0.127243 -0.00838919
-0.0661585 0.168501 -0.0587079
-0.0613198 0.11396 -0.0137416
-0.0782771 0.130047 -0.00613309
-0.0694557 0.0827316 -0.0171882
-0.0593583 0.132086 -0.00699572
-0.0565515 0.109296 -0.0177715
-0.056544 0.10359 -0.0188507
-0.0621001 0.0819811 -0.0192733
-0.0540031 0.0656623 -0.0102431
-0.0564399 0.0816714 -0.0211648
-0.0501856 0.0994782 -0.0219675
-0.0502132 0.104666 -0.0200283
-0.056057 0.0728675 -0.0169431
0.0325815 0.0851933 -0.0190722
-0.062043 0.0717429 -0.0152651
-0.0389716 0.0348113 0.0412464
-0.0669452 0.177245 -0.0595969
-0.0411217 0.0850513 -0.0213417
-0.0623046 0.0633535 -0.00508846
-0.0459889 0.0631416 -0.0134122
-0.0494579 0.0860017 -0.0217047
-0.0751948 0.0983182 -0.0127985
-0.0422783 0.0510497 -0.0109542
-0.0544739 0.156689 -0.00216001
0.0285712 0.086786 -0.0213579
0.0243679 0.0613591 -0.024503
-0.0454845 0.0903587 -0.0219926
-0.0494528 0.0850486 -0.0216854
0.0250034 0.0537762 -0.0219634
-0.0435073 0.0951977 -0.0222999
-0.0494305 0.080711 -0.0205777
-0.0455252 0.101858 -0.0214376
-0.0448281 0.163136 -0.00894089
-0.0450225 0.0660959 -0.0149577
-0.045797 0.159634 -0.00850526
-0.0671025 0.0804039 -0.0175943
-0.0732194 0.104083 -0.0117858
-0.0431908 0.0908798 -0.0225104
0.0190293 0.0480546 -0.0225796
-0.0444343 0.0816589 -0.0202781
-0.07562 0.132053 -0.00721175
0.0167326 0.0412782 -0.0220573
-0.0430164 0.0646583 -0.0143649
-0.060518 0.0445313 -0.00423763
-0.0522184 0.0440298 -0.00894859
-0.0641996 0.0361287 -0.00791424
0.0157176 0.0457897 -0.0241102
0.0159783 0.0627963 -0.0290401
0.0150481 0.045329 -0.0243104
0.0149413 0.0685737 -0.0305469
0.0145921 0.0714193 -0.0308396
0.0139639 0.0685953 -0.0309378
0.0127418 0.0384152 -0.022415
0.0130826 0.0408647 -0.0231644
0.0130675 0.0468221 -0.0253579
0.01266 0.0604464 -0.0292309
-0.0235005 0.0891742 -0.0361953
0.0117187 0.0458646 -0.0252305
0.0119629 0.0671472 -0.0307461
0.0118671 0.086944 -0.0309419
0.0448185 0.0579689 -0.00533309
0.0118006 0.106791 -0.0194715
0.0109731 0.0614537 -0.0299756
0.0109538 0.066229 -0.0308437
0.0100171 0.0543764 -0.0299566
0.00946307 0.107761 -0.0197782
-0.0731271 0.0873874 -0.0156431
0.00890256 0.0715764 -0.0328747
-0.049302 0.058126 -0.0106634
0.00800108 0.0558464 -0.0306012
0.00666612 0.0548953 -0.0305813
-0.0507934 0.158585 -0.00492428
0.00572785 0.0428753 -0.0243811
0.00493451 0.0687444 -0.0330601
-0.0556323 0.0340345 -0.0113372
0.00386847 0.086173 -0.0337004
0.00269158 0.0491411 -0.0297976
0.00288519 0.0792043 -0.0347853
0.00284947 0.089016 -0.0337309
-0.0353166 0.0368229 0.0471695
-0.0472888 0.0390743 -0.0128705
-0.0557134 0.149169 -0.00191788
0.00205197 0.0444243 -0.0258001
0.0016689 0.0549257 -0.0311879
0.00193983 0.0664438 -0.0337996
0.00191404 0.0731114 -0.0350454
-0.0480595 0.0748207 -0.0173327
-0.048082 0.0772705 -0.0185388
-0.0835623 0.121118 -0.00367257
-0.0585805 0.113517 -0.0151555
0.000915684 0.0716968 -0.0349253
7.507e-05 0.0381336 -0.0249129
-0.0509417 0.0555865 -0.00878597
-0.0512724 0.147949 -0.00252548
-0.0640444 0.0732003 -0.0156823
-0.00193261 0.0395981 -0.0252517
-0.00208354 0.0731473 -0.0357321
-0.00209314 0.0745722 -0.035952
-0.00213418 0.0816824 -0.0367579
-0.00341953 0.0736236 -0.035958
-0.0605044 0.0365115 -0.0092177
-0.0509007 0.0450393 -0.00910354
-0.00391581 0.0366808 -0.0249757
-0.00429204 0.0521217 -0.0316441
-0.0615726 0.107783 -0.0164927
-0.0566269 0.142563 -0.00232103
-0.00730835 0.0476981 -0.0302633
-0.00705356 0.0651362 -0.0354591
-0.0079758 0.0476887 -0.0302757
-0.00831633 0.0506671 -0.0315552
-0.00833493 0.055092 -0.0334531
-0.00847672 0.087337 -0.0371371
-0.0400041 0.0611792 -0.0123239
-0.0509797 0.0643415 -0.0111477
-0.0241732 0.0581395 -0.0310441
-0.0512241 0.106058 -0.0193218
-0.0705592 0.114569 -0.00849509
-0.0114042 0.0680407 -0.036755
-0.0165085 0.0339849 -0.0205456
-0.012379 0.0652119 -0.0367066
0.0463687 0.0584581 -0.00522293
-0.0634282 0.0421632 -0.00555042
-0.0133975 0.0695219 -0.0379602
-0.0134389 0.0780021 -0.038407
-0.0131109 0.0789473 -0.0384866
-0.0705302 0.101799 -0.0140917
-0.0465427 0.10516 -0.0203351
-0.0705051 0.0941876 -0.0160236
-0.0284398 0.106229 -0.0218936
-0.0140199 0.0560506 -0.0341436
-0.0144695 0.0822887 -0.039238
-0.0141344 0.0818192 -0.0392241
-0.070484 0.0917861 -0.0162365
-0.0137296 0.181569 -0.0282691
-0.0149057 0.176164 -0.0264672
-0.0145968 0.179611 -0.0275404
-0.0153813 0.0618736 -0.0363101
-0.0151105 0.0766135 -0.0385842
-0.0651112 0.0804589 -0.0182553
-0.0345973 0.17152 -0.0144245
-0.0501106 0.0831437 -0.0215066
-0.070075 0.0788328 -0.0156012
-0.0801974 0.121693 -0.00532905
-0.0173976 0.0632705 -0.036311
-0.0139132 0.0341888 -0.0195962
-0.0182814 0.0402978 -0.0280871
-0.0471664 0.0961158 -0.0220087
-0.0194124 0.0646776 -0.0364851
-0.0202991 0.0455148 -0.0278237
-0.0200201 0.0534184 -0.0311864
-0.0274304 0.0516058 -0.0247288
-0.0201282 0.102598 -0.0235241
-0.0138977 0.0374164 -0.0169549
-0.0207952 0.165783 -0.0178908
-0.0220226 0.0562655 -0.0314675
-0.0223485 0.0572485 -0.0318304
-0.0231962 0.102088 -0.0238421
-0.0284054 0.124096 -0.000541623
-0.0238306 0.170217 -0.019527
0.0143251 0.034812 0.0290953
-0.0463606 0.0359267 -0.0186114
-0.0251195 0.0793134 -0.0376427
-0.0254593 0.0802408 -0.0375236
-0.0251421 0.0821227 -0.0376369
-0.0474965 0.0932134 -0.0217383
-0.0521951 0.0387929 -0.0114716
-0.0259379 0.0481924 -0.026165
-0.0425246 0.149766 -0.00470736
-0.0803064 0.137582 -0.0035514
-0.0260938 0.0750146 -0.0366926
0.0150173 0.034816 0.0328486
-0.0104144 0.035518 0.0490732
-0.00359924 0.0387194 0.0019324
0.00375482 0.0390118 -0.00617239
0.0111666 0.0352044 0.0335184
0.0093217 0.034673 0.0378209
0.0186089 0.035012 0.0285841
-0.0324993 0.0348235 0.0443448
-0.0142054 0.034763 0.0471477
-0.015238 0.0347252 0.0469575
0.00477831 0.0339348 0.0140445
-0.0127104 0.0370177 0.0506186
0.013017 0.0347086 0.0259056
-0.00353451 0.0385729 0.0226767
-0.00216942 0.0381956 0.0190716
0.0142931 0.0345763 0.0226592
0.0291222 0.0351796 0.00615971
0.0222893 0.0349565 0.0221292
0.0210275 0.0351183 0.0253586
-0.0896973 0.113013 0.0205842
0.0071233 0.03448 0.00486011
0.00915118 0.036273 0.0345554
-0.0898345 0.115411 0.0276757
-0.091066 0.116953 0.0276383
0.011343 0.0353569 0.0286014
-0.00839225 0.0384069 0.0127804
-0.028568 0.0379281 0.0271391
0.0106117 0.0365025 0.0310429
-0.00512999 0.0355818 0.0477887
-0.0155946 0.0382228 0.0169127
-0.0866169 0.112849 0.0274705
-0.0241734 0.0348674 0.0501096
-0.0343621 0.0345994 0.0406407
0.00796835 0.0373055 -0.00938625
0.000666601 0.0390064 -0.00304948
-0.00264679 0.0386128 0.00406338
0.023552 0.0362402 0.0260772
0.00321354 0.0353956 0.0214793
0.00264991 0.0381002 0.0243667
-0.0855552 0.11183 0.0315369
-0.0118115 0.0383609 0.0103128
-0.0859607 0.110944 0.0374945
-0.0234936 0.184363 -0.012839
-0.00205392 0.0340863 -0.0190491
-0.0178419 0.0383861 0.025332
-0.0809326 0.109645 0.0325359
-0.084991 0.112075 0.0439483
-0.0319013 0.0347284 0.0428061
-0.0715815 0.148722 -0.0362506
-0.0788771 0.0698996 0.0111379
-0.016329 0.0383864 0.00331933
-0.0812829 0.10996 0.0399509
-0.0915213 0.115805 0.032664
-0.0810038 0.0757704 0.0232815
-0.0170192 0.038358 0.00502285
-0.0774845 0.0686914 0.012498
-0.0848359 0.117463 0.0485363
-0.0803101 0.075114 0.0239888
-0.0776373 0.068985 0.0157311
-0.0805687 0.0771221 0.0274872
-0.0157725 0.0387231 -0.00609205
-0.0811607 0.117095 0.048502
0.0514519 0.0476193 0.0231401
-0.022735 0.0348272 0.044681
-0.0759691 0.106742 0.0359572
-0.0751869 0.106312 0.0364842
0.00837388 0.038623 0.0322974
0.0053507 0.0387609 -0.00936739
-0.0201507 0.0819311 0.056869
0.033803 0.0437809 0.0292558
-0.00126062 0.0359376 0.011011
-0.00515347 0.122841 0.035279
-0.0759665 0.11392 0.0498771
-0.0577706 0.0585647 0.00121819
0.0298098 0.035088 0.0144364
-0.0648232 0.0619316 -1.77033e-05
-0.0750456 0.0733967 0.0318106
-0.0742308 0.0716108 0.030602
-0.0685506 0.110065 0.038558
0.0030198 0.0364743 -0.000265736
-0.0641139 0.0607552 0.00305127
-0.0690334 0.0615519 0.0157436
-0.0704811 0.0637625 0.0206056
-0.0669275 0.111929 0.0413619
-0.0705684 0.0656168 0.023677
-0.0712827 0.0677563 0.0275376
-0.0722702 0.0698216 0.0302178
0.0119015 0.0346467 0.0377734
-0.0636513 0.0336552 -0.00743404
-0.0679137 0.0612988 0.0173767
-0.0690675 0.0638284 0.0226137
0.00559142 0.0350968 -0.0147106
-0.0685603 0.0338425 0.00762278
-0.0705599 0.069219 0.0310984
-0.0163626 0.0386859 -0.00555687
-0.0687226 0.0345276 0.0111382
-0.067596 0.0640205 0.0245149
-0.0106493 0.108375 -0.0219476
0.0322106 0.0353287 0.0122441
0.0297618 0.0358345 0.0186131
-0.0697202 0.0756888 0.038011
0.00155411 0.0348397 0.0444641
-0.0576079 0.0572131 0.00528958
-0.0650746 0.0614572 0.0213838
-0.0687943 0.075509 0.0383436
-0.063318 0.0335574 0.00537155
-0.0460462 0.0691688 0.0406108
-0.0625687 0.059309 0.0167075
0.0086476 0.0353983 0.0262066
-0.0582389 0.0334213 -0.00551995
-0.0668887 0.0786788 0.0410984
-0.0665925 0.0743751 0.0386323
-0.0605526 0.0334775 0.00300892
-0.0645555 0.0654703 0.0303298
-0.06478 0.0752134 0.0400538
-0.048492 0.0536316 0.0358083
-0.0606985 0.0619659 0.025387
-0.0627398 0.0653652 0.031403
-0.0632326 0.0669076 0.0334707
-0.0770024 0.0985443 -0.0110696
-0.0613944 0.064943 0.0314682
7.56367e-06 0.0386571 -0.0134654
-0.0503375 0.0335823 -0.0114091
-0.0559032 0.0335144 0.00331945
-0.0590883 0.0336008 0.010381
-0.0799233 0.136613 0.0497161
-0.00311231 0.038944 -0.00188718
-0.0474997 0.0339864 -0.0155133
-0.0501834 0.0334601 -0.00820356
-0.0133032 0.0382621 0.0203576
0.0507134 0.045496 0.0200924
-0.0607657 0.0340708 0.0202815
-0.066199 0.035415 0.0354655
-0.0592464 0.0673809 0.0356621
-0.0599303 0.0700376 0.0379181
-0.0259858 0.156272 -0.00778286
-0.0594206 0.0340095 0.0223828
-0.0645507 0.0346971 0.0364337
-0.056726 0.033652 0.0191318
-0.0615965 0.0343007 0.0316101
-0.0529668 0.0336464 0.0115982
-0.0557217 0.0336342 0.019358
0.0492103 0.0445594 0.0206193
-0.038356 0.0336339 -0.0220342
-0.0404516 0.0338189 -0.0158034
-0.0466035 0.0336135 -0.00151751
-0.0544688 0.0718216 0.0399313
-0.0300269 0.0382813 0.033699
-0.0393042 0.0340537 -0.015791
-0.0574406 0.0343186 0.0313105
-0.0568972 0.0342988 0.0308611
-0.0594209 0.0344053 0.0372005
-0.036995 0.0413389 -0.0285066
-0.0524578 0.0695142 0.0382475
-0.00746746 0.0384152 0.0196028
-0.0352568 0.0337095 -0.0214885
-0.0429335 0.0337112 -0.00147401
-0.0564906 0.0343779 0.0326265
0.0286714 0.0401402 0.0290762
-0.0603616 0.0376479 0.0453806
-0.0355259 0.0366429 -0.0155641
-0.0369485 0.0378235 -0.0113728
-0.0566374 0.0344481 0.0348603
-0.0573849 0.05718 0.00700769
-0.0581658 0.0344834 0.0414199
-0.082786 0.080075 0.0279881
-0.0493183 0.0730062 0.0413896
-0.0485582 0.0696552 0.039528
0.0144354 0.0342913 -0.001577
-0.0298509 0.0335908 -0.0240528
-0.0409688 0.0335606 0.00450068
-0.0570591 0.0352928 0.0455099
0.0176246 0.0348945 -0.00461906
-0.013121 0.0389112 0.03303
-0.0399265 0.0336067 0.00467083
-0.0300192 0.038668 -0.0144724
-0.049302 0.0345544 0.0339997
-0.011663 0.0390816 0.0349773
-0.0268833 0.0374926 -0.0183542
0.000255646 0.0361311 -0.0154688
-0.0484609 0.0345851 0.036483
-0.0801177 0.0721699 0.00512682
-0.0244687 0.0343742 -0.0205987
-0.0247111 0.0377412 -0.0181514
-0.0272555 0.0385807 -0.0113598
-0.0316355 0.0382988 0.000295515
-0.0462602 0.0345588 0.0346432
-0.0277243 0.0383813 -0.00756281
0.0391676 0.0382006 0.0129095
-0.0339524 0.0337727 0.00814426
