-0.063250000000000 0.035979300000000 0.042087300000000 
0.005000000000000 0.038510700000000 0.045887600000000 
0.022500000000000 0.039215100000000 0.039161100000000 
0.012500000000000 0.041243200000000 0.044991700000000 
-0.008000000000000 0.043071300000000 0.048998300000000 
-0.035500000000000 0.044096100000000 0.045237300000000 
-0.066500000000000 0.042061500000000 0.010878300000000 
0.016250000000000 0.046039000000000 0.043456600000000 
-0.021750000000000 0.048137000000000 0.050303800000000 
-0.061750000000000 0.045665400000000 0.010499500000000 
0.019000000000000 0.049541000000000 0.043067000000000 
-0.019000000000000 0.051319500000000 0.046864400000000 
-0.051500000000000 0.051406700000000 0.032797900000000 
0.033750000000000 0.052182900000000 0.033558000000000 
0.002250000000000 0.055483900000000 0.053654500000000 
-0.029250000000000 0.055247300000000 0.036219800000000 
0.054500000000000 0.055063500000000 0.026586400000000 
0.022000000000000 0.058355600000000 0.047124000000000 
-0.011500000000000 0.060433200000000 0.054502600000000 
-0.048500000000000 0.060127600000000 0.035714400000000 
0.029750000000000 0.061343900000000 0.041422500000000 
-0.021250000000000 0.063256600000000 0.047133100000000 
0.051000000000000 0.062391200000000 0.029498100000000 
-0.010500000000000 0.066058900000000 0.055231100000000 
0.056750000000000 0.064130200000000 0.025181900000000 
-0.011750000000000 0.068082900000000 0.054514500000000 
0.054000000000000 0.066362300000000 0.026449000000000 
-0.016000000000000 0.070198900000000 0.054877600000000 
0.049750000000000 0.068439500000000 0.025939100000000 
-0.021750000000000 0.072024100000000 0.051642700000000 
0.041000000000000 0.070948200000000 0.030509900000000 
-0.039000000000000 0.073331300000000 0.042070700000000 
0.021750000000000 0.074683400000000 0.049969000000000 
-0.055250000000000 0.075447300000000 0.042200200000000 
0.008500000000000 0.077232200000000 0.055967200000000 
-0.053000000000000 0.077625500000000 0.043092600000000 
0.019250000000000 0.079033500000000 0.052134400000000 
-0.042250000000000 0.079699000000000 0.042713900000000 
0.027000000000000 0.080688000000000 0.046275500000000 
-0.037000000000000 0.081875000000000 0.043606900000000 
0.030750000000000 0.082545900000000 0.043226200000000 
-0.034250000000000 0.083898500000000 0.042591900000000 
0.033500000000000 0.084499900000000 0.041320400000000 
-0.031000000000000 0.086033200000000 0.042976300000000 
0.037750000000000 0.086170900000000 0.035722500000000 
-0.028750000000000 0.088299600000000 0.045015300000000 
0.038000000000000 0.088288300000000 0.035597300000000 
-0.030500000000000 0.090350200000000 0.044126000000000 
0.035250000000000 0.090706800000000 0.039417900000000 
-0.033750000000000 0.092506400000000 0.044636800000000 
0.032000000000000 0.092991300000000 0.041583400000000 
-0.037000000000000 0.094570200000000 0.043875000000000 
0.029250000000000 0.095195900000000 0.042730500000000 
-0.038250000000000 0.096610300000000 0.042731800000000 
0.028500000000000 0.097282600000000 0.042223600000000 
-0.038500000000000 0.098680500000000 0.041970500000000 
0.028250000000000 0.099354200000000 0.041462400000000 
-0.038750000000000 0.100754000000000 0.041209400000000 
0.029000000000000 0.101371000000000 0.039811100000000 
-0.034500000000000 0.102862000000000 0.040957100000000 
0.034750000000000 0.103065000000000 0.032946500000000 
-0.026250000000000 0.105026000000000 0.041595000000000 
-0.084250000000000 0.105487000000000 0.025830700000000 
-0.011000000000000 0.107249000000000 0.043249900000000 
-0.064000000000000 0.108379000000000 0.038420300000000 
0.010750000000000 0.109185000000000 0.040073700000000 
-0.039750000000000 0.110408000000000 0.036643200000000 
0.036000000000000 0.110497000000000 0.025586000000000 
-0.015500000000000 0.112730000000000 0.040077400000000 
-0.068000000000000 0.114632000000000 0.049409200000000 
0.006250000000000 0.114856000000000 0.040079600000000 
-0.047250000000000 0.115885000000000 0.032584200000000 
0.027000000000000 0.116521000000000 0.031060500000000 
-0.025000000000000 0.118007000000000 0.032206200000000 
-0.075000000000000 0.120389000000000 0.053241900000000 
0.001750000000000 0.120387000000000 0.037163800000000 
-0.044250000000000 0.121320000000000 0.026749600000000 
-0.088250000000000 0.123689000000000 0.047072500000000 
-0.009000000000000 0.123793000000000 0.033607500000000 
-0.047500000000000 0.125013000000000 0.028651700000000 
-0.082500000000000 0.127403000000000 0.051919100000000 
0.010750000000000 0.127179000000000 0.028648400000000 
0.016750000000000 0.128204000000000 0.018486000000000 
-0.055000000000000 0.131066000000000 0.035627600000000 
-0.071000000000000 0.134434000000000 0.049272200000000 
-0.090750000000000 0.137018000000000 0.020886900000000 
-0.063250000000000 0.140472000000000 0.037770200000000 
-0.079000000000000 0.144241000000000 0.043985200000000 
-0.056000000000000 0.146728000000000 0.030649400000000 
-0.051500000000000 0.149203000000000 0.014522200000000 
-0.063000000000000 0.152592000000000 0.034829300000000 
-0.067500000000000 0.155346000000000 0.029112400000000 
-0.045500000000000 0.157829000000000 0.007530150000000 
-0.053500000000000 0.160789000000000 0.006129130000000 
-0.017750000000000 0.162900000000000 -0.008444460000000 
-0.033750000000000 0.165948000000000 -0.004266630000000 
-0.046250000000000 0.168977000000000 -0.000087343200000 
-0.032250000000000 0.171972000000000 -0.003469590000000 
-0.020250000000000 0.174987000000000 -0.015633100000000 
-0.032500000000000 0.178755000000000 -0.006997000000000 
-0.015000000000000 0.184911000000000 -0.022013600000000 
