-0.063250000000000 0.035979300000000 0.042087300000000 
-0.011000000000000 0.037422900000000 0.048895700000000 
-0.030750000000000 0.038453200000000 0.051894800000000 
0.009250000000000 0.037709300000000 0.045001600000000 
-0.036000000000000 0.038564700000000 0.046395000000000 
0.004000000000000 0.038510700000000 0.045887600000000 
-0.046750000000000 0.039122800000000 0.044997600000000 
-0.006750000000000 0.039523400000000 0.048769100000000 
-0.059500000000000 0.039896400000000 0.045629900000000 
-0.019500000000000 0.040691100000000 0.053089000000000 
0.020500000000000 0.039482300000000 0.041697900000000 
-0.043250000000000 0.040377100000000 0.043471700000000 
-0.003250000000000 0.040828600000000 0.047783900000000 
-0.070500000000000 0.037613200000000 0.010115700000000 
-0.030500000000000 0.041904800000000 0.051283800000000 
0.009500000000000 0.041282800000000 0.045372100000000 
-0.060250000000000 0.041845000000000 0.043975200000000 
-0.020250000000000 0.042824000000000 0.053322700000000 
0.019750000000000 0.041713800000000 0.042707000000000 
-0.052000000000000 0.042708900000000 0.045494900000000 
-0.012000000000000 0.043210400000000 0.050319000000000 
0.028000000000000 0.041235300000000 0.031166000000000 
-0.045750000000000 0.043208000000000 0.043464100000000 
-0.005750000000000 0.043687600000000 0.048155600000000 
0.034250000000000 0.041600800000000 0.027741400000000 
-0.040500000000000 0.043748300000000 0.041814000000000 
-0.000500000000000 0.044199200000000 0.046251600000000 
0.039500000000000 0.042228200000000 0.026853000000000 
-0.035750000000000 0.044700300000000 0.044221100000000 
0.004250000000000 0.044969200000000 0.046883400000000 
0.044250000000000 0.042600700000000 0.023429200000000 
-0.032500000000000 0.045649300000000 0.046627800000000 
0.007500000000000 0.045776600000000 0.047895500000000 
-0.070750000000000 0.042435600000000 0.007329240000000 
-0.030750000000000 0.046468900000000 0.047766500000000 
0.009250000000000 0.046481500000000 0.047893300000000 
-0.070000000000000 0.043166000000000 0.007329750000000 
-0.030000000000000 0.047173900000000 0.047764400000000 
0.010000000000000 0.047199000000000 0.048017900000000 
-0.069750000000000 0.043871500000000 0.007076780000000 
-0.029750000000000 0.047741600000000 0.046368000000000 
0.010250000000000 0.047928700000000 0.048262500000000 
0.050250000000000 0.045269700000000 0.021272300000000 
-0.030000000000000 0.048286300000000 0.044718300000000 
0.010000000000000 0.048706600000000 0.048980800000000 
0.050000000000000 0.046177500000000 0.023173000000000 
-0.030750000000000 0.048894600000000 0.043702500000000 
0.009250000000000 0.049532500000000 0.050179400000000 
0.049250000000000 0.047070500000000 0.024946600000000 
-0.031000000000000 0.049528700000000 0.042940300000000 
0.009000000000000 0.050284700000000 0.050657600000000 
0.049000000000000 0.047936800000000 0.026466600000000 
-0.031250000000000 0.050115100000000 0.041671300000000 
0.008750000000000 0.051048500000000 0.051255800000000 
0.048750000000000 0.048740300000000 0.027352800000000 
-0.030000000000000 0.050787700000000 0.041289400000000 
0.010000000000000 0.051751800000000 0.051253700000000 
0.050000000000000 0.049409800000000 0.026845200000000 
-0.026750000000000 0.051448800000000 0.040780900000000 
0.013250000000000 0.052240600000000 0.049089900000000 
0.053250000000000 0.049803800000000 0.023423600000000 
-0.023500000000000 0.052313300000000 0.042426100000000 
0.016500000000000 0.052766500000000 0.047240200000000 
0.056500000000000 0.050154300000000 0.019495800000000 
-0.019250000000000 0.053514100000000 0.047748300000000 
0.020750000000000 0.053359600000000 0.046101200000000 
-0.055500000000000 0.050684400000000 0.009989850000000 
-0.015500000000000 0.054507100000000 0.050771500000000 
0.024500000000000 0.053692900000000 0.042174400000000 
-0.051750000000000 0.053308800000000 0.030516700000000 
-0.011750000000000 0.055332900000000 0.052093600000000 
0.028250000000000 0.054158600000000 0.039640800000000 
-0.048000000000000 0.054555400000000 0.036346300000000 
-0.008000000000000 0.056145300000000 0.053295400000000 
0.032000000000000 0.054673000000000 0.037613600000000 
-0.044250000000000 0.055505200000000 0.039008200000000 
-0.004250000000000 0.056887400000000 0.053776800000000 
0.035750000000000 0.054954300000000 0.033051100000000 
-0.041500000000000 0.056289700000000 0.039896100000000 
-0.001500000000000 0.057617400000000 0.054138100000000 
0.038500000000000 0.055483900000000 0.031149700000000 
-0.038250000000000 0.056980600000000 0.039769900000000 
0.001750000000000 0.058358200000000 0.054619400000000 
0.041750000000000 0.056247500000000 0.031783300000000 
-0.035000000000000 0.057602000000000 0.038883100000000 
0.005000000000000 0.059053600000000 0.054620500000000 
0.045000000000000 0.056975800000000 0.032036800000000 
-0.032250000000000 0.058223900000000 0.037996000000000 
0.007750000000000 0.059671100000000 0.053781300000000 
0.047750000000000 0.057634700000000 0.031529400000000 
-0.029500000000000 0.058823400000000 0.036855200000000 
0.010500000000000 0.060234500000000 0.052342100000000 
0.050500000000000 0.058224800000000 0.030261200000000 
-0.027250000000000 0.059595800000000 0.037616400000000 
0.012750000000000 0.060810800000000 0.051023000000000 
0.052750000000000 0.058827200000000 0.029119500000000 
-0.027500000000000 0.060287600000000 0.037490000000000 
0.012500000000000 0.061541300000000 0.051384300000000 
0.052500000000000 0.059544700000000 0.029246000000000 
-0.030250000000000 0.061013600000000 0.037744100000000 
0.009750000000000 0.062497900000000 0.054265800000000 
0.049750000000000 0.060364600000000 0.030514000000000 
-0.035500000000000 0.061966500000000 0.040535300000000 
0.004500000000000 0.063386300000000 0.056427000000000 
0.044500000000000 0.061058800000000 0.030386800000000 
-0.042250000000000 0.062714000000000 0.041043400000000 
-0.002250000000000 0.064101700000000 0.056668000000000 
0.037750000000000 0.062148700000000 0.034700100000000 
-0.051000000000000 0.062729100000000 0.033304500000000 
-0.011000000000000 0.064669100000000 0.055229000000000 
0.029000000000000 0.063562500000000 0.042693600000000 
-0.061250000000000 0.062917600000000 0.027467500000000 
-0.021250000000000 0.064724200000000 0.047897000000000 
0.018750000000000 0.064840800000000 0.049230700000000 
0.058750000000000 0.062479900000000 0.022518700000000 
-0.033500000000000 0.064719700000000 0.039903500000000 
0.006500000000000 0.066079700000000 0.055471100000000 
0.046500000000000 0.063769500000000 0.029116700000000 
-0.047250000000000 0.065255200000000 0.038000400000000 
-0.007250000000000 0.066805400000000 0.055832100000000 
0.032750000000000 0.065433400000000 0.040031000000000 
-0.061500000000000 0.065447900000000 0.032162100000000 
-0.021500000000000 0.066917500000000 0.048994800000000 
0.018500000000000 0.066999200000000 0.049954600000000 
0.058500000000000 0.064615600000000 0.022642500000000 
-0.036750000000000 0.066971000000000 0.041555500000000 
0.003250000000000 0.068194400000000 0.055834100000000 
0.043250000000000 0.065699600000000 0.026957500000000 
-0.052000000000000 0.067276400000000 0.036986100000000 
-0.012000000000000 0.068788400000000 0.054635500000000 
0.028000000000000 0.067783000000000 0.042825800000000 
-0.067250000000000 0.067519100000000 0.031653900000000 
-0.027250000000000 0.068210300000000 0.039652600000000 
0.012750000000000 0.069394000000000 0.053557000000000 
0.052750000000000 0.067080200000000 0.026575400000000 
-0.043000000000000 0.069087800000000 0.041684800000000 
-0.003000000000000 0.070406500000000 0.057396400000000 
0.037000000000000 0.068617800000000 0.036224900000000 
-0.058250000000000 0.069484800000000 0.038129900000000 
-0.018250000000000 0.070835200000000 0.054159000000000 
0.021750000000000 0.070403800000000 0.048881600000000 
-0.074000000000000 0.069244200000000 0.027081400000000 
-0.034000000000000 0.070459100000000 0.041305400000000 
0.006000000000000 0.071696200000000 0.056199000000000 
0.046000000000000 0.068973000000000 0.023906400000000 
-0.050750000000000 0.070977400000000 0.039147000000000 
-0.010750000000000 0.072409700000000 0.056439800000000 
0.029250000000000 0.071215100000000 0.041941200000000 
-0.069000000000000 0.071357200000000 0.035336800000000 
-0.029000000000000 0.071755500000000 0.040036700000000 
0.011000000000000 0.072960500000000 0.054642000000000 
0.051000000000000 0.070388500000000 0.023904600000000 
-0.049250000000000 0.072533000000000 0.040926500000000 
-0.009250000000000 0.073854800000000 0.057161300000000 
0.030750000000000 0.072586600000000 0.041561700000000 
-0.070000000000000 0.072829300000000 0.036099400000000 
-0.030000000000000 0.073181800000000 0.040292000000000 
0.010000000000000 0.074407500000000 0.055363600000000 
0.050000000000000 0.071622400000000 0.021743000000000 
-0.050250000000000 0.074054400000000 0.042325600000000 
-0.010250000000000 0.075223400000000 0.056923400000000 
0.029750000000000 0.074139500000000 0.043342100000000 
-0.070000000000000 0.074321600000000 0.037116500000000 
-0.030000000000000 0.074607700000000 0.040547500000000 
0.010000000000000 0.075797200000000 0.055365700000000 
0.050000000000000 0.072806100000000 0.018945200000000 
-0.048250000000000 0.075489500000000 0.042708600000000 
-0.008250000000000 0.076647500000000 0.057404900000000 
0.031750000000000 0.075468400000000 0.042454400000000 
-0.065500000000000 0.075980800000000 0.040167500000000 
-0.025500000000000 0.076751900000000 0.049613200000000 
0.014500000000000 0.077105300000000 0.054288800000000 
-0.078750000000000 0.075730200000000 0.028601300000000 
-0.038750000000000 0.076892700000000 0.042710300000000 
0.001250000000000 0.078034400000000 0.057406700000000 
0.041250000000000 0.075918700000000 0.030889300000000 
-0.048000000000000 0.077656800000000 0.043474000000000 
-0.008000000000000 0.078754500000000 0.057767300000000 
0.032000000000000 0.077594300000000 0.042711200000000 
-0.056750000000000 0.078389300000000 0.043856300000000 
-0.016750000000000 0.079394800000000 0.057049000000000 
0.023250000000000 0.078848400000000 0.049617200000000 
-0.067500000000000 0.078852500000000 0.040933000000000 
-0.027500000000000 0.079307900000000 0.046527300000000 
0.012500000000000 0.079879000000000 0.054173300000000 
-0.079250000000000 0.078812600000000 0.031778400000000 
-0.039250000000000 0.079719600000000 0.042968200000000 
0.000750000000000 0.080790900000000 0.057170800000000 
0.040750000000000 0.078833300000000 0.032032700000000 
-0.051000000000000 0.080513500000000 0.044113600000000 
-0.011000000000000 0.081535900000000 0.057890800000000 
0.029000000000000 0.080554600000000 0.044622300000000 
-0.063250000000000 0.081163500000000 0.043478700000000 
-0.023250000000000 0.082050800000000 0.055375000000000 
0.016750000000000 0.081847200000000 0.052498800000000 
-0.076000000000000 0.081325200000000 0.036738400000000 
-0.036000000000000 0.081854700000000 0.043352500000000 
0.004000000000000 0.082854900000000 0.056933900000000 
0.044000000000000 0.080459800000000 0.025927100000000 
-0.049250000000000 0.082627100000000 0.044243800000000 
-0.009250000000000 0.083606900000000 0.057773700000000 
0.030750000000000 0.082545900000000 0.043226200000000 
-0.062500000000000 0.083318000000000 0.044117700000000 
-0.022500000000000 0.084151800000000 0.055617800000000 
0.017500000000000 0.083863600000000 0.051423900000000 
-0.075250000000000 0.083556500000000 0.038266100000000 
-0.035250000000000 0.083948800000000 0.043228100000000 
0.004750000000000 0.084944400000000 0.057056600000000 
0.044750000000000 0.082379800000000 0.023380400000000 
-0.048500000000000 0.084800400000000 0.045137600000000 
-0.008500000000000 0.085662300000000 0.057417000000000 
0.031500000000000 0.084610100000000 0.042720000000000 
-0.061250000000000 0.085441400000000 0.044375200000000 
-0.021250000000000 0.086251900000000 0.055860500000000 
0.018750000000000 0.085876400000000 0.050229500000000 
-0.074000000000000 0.085784900000000 0.039794700000000 
-0.034000000000000 0.086003400000000 0.042594500000000 
0.006000000000000 0.086985900000000 0.056460500000000 
-0.086250000000000 0.085231200000000 0.023631100000000 
-0.046250000000000 0.086863200000000 0.044631800000000 
-0.006250000000000 0.087719100000000 0.057060400000000 
0.033750000000000 0.086616000000000 0.041449900000000 
-0.060000000000000 0.087603600000000 0.045142100000000 
-0.020000000000000 0.088312200000000 0.055504100000000 
0.020000000000000 0.087909700000000 0.049275100000000 
-0.073750000000000 0.087938100000000 0.040305800000000 
-0.033750000000000 0.088182300000000 0.043487900000000 
0.006250000000000 0.089018900000000 0.055624200000000 
-0.088000000000000 0.087164200000000 0.020833000000000 
-0.048000000000000 0.088995700000000 0.044888600000000 
-0.008000000000000 0.089808800000000 0.057061800000000 
0.032000000000000 0.088840600000000 0.042852100000000 
-0.062750000000000 0.089740000000000 0.045398200000000 
-0.022750000000000 0.090244100000000 0.052869700000000 
0.017250000000000 0.090064000000000 0.049994900000000 
-0.077500000000000 0.089864100000000 0.037635400000000 
-0.037500000000000 0.090312100000000 0.043617000000000 
0.002500000000000 0.091100900000000 0.055385400000000 
0.042500000000000 0.089073000000000 0.027072200000000 
-0.052750000000000 0.091084900000000 0.044508400000000 
-0.012750000000000 0.091858800000000 0.056343800000000 
0.027250000000000 0.091132200000000 0.045144700000000 
-0.068000000000000 0.091659800000000 0.042727400000000 
-0.028000000000000 0.091791000000000 0.044509000000000 
0.012000000000000 0.092331800000000 0.052631100000000 
-0.082750000000000 0.091512100000000 0.031020900000000 
-0.042750000000000 0.092357700000000 0.042600800000000 
-0.002750000000000 0.093219700000000 0.055745500000000 
0.037250000000000 0.091911700000000 0.036492700000000 
-0.058000000000000 0.093258500000000 0.045273600000000 
-0.018000000000000 0.093783400000000 0.053470100000000 
0.022000000000000 0.093442800000000 0.047818500000000 
-0.073250000000000 0.093644400000000 0.040820700000000 
-0.033250000000000 0.093909300000000 0.044510600000000 
0.006750000000000 0.094441600000000 0.052751800000000 
-0.088000000000000 0.093157700000000 0.024026400000000 
-0.048000000000000 0.094606400000000 0.044384000000000 
-0.008000000000000 0.095253700000000 0.054668300000000 
0.032000000000000 0.094361900000000 0.040948600000000 
-0.062750000000000 0.095285600000000 0.044002800000000 
-0.022750000000000 0.095402300000000 0.045656800000000 
0.017250000000000 0.095554900000000 0.047819700000000 
-0.077000000000000 0.095502800000000 0.037006100000000 
-0.037000000000000 0.095947600000000 0.043367300000000 
0.003000000000000 0.096557600000000 0.052992200000000 
0.043000000000000 0.094622200000000 0.024410900000000 
-0.051250000000000 0.096698500000000 0.044004000000000 
-0.011250000000000 0.097191100000000 0.051794900000000 
0.028750000000000 0.096592700000000 0.042477400000000 
-0.065500000000000 0.097273900000000 0.042096400000000 
-0.025500000000000 0.097413600000000 0.044131800000000 
0.014500000000000 0.097684500000000 0.048075400000000 
-0.079750000000000 0.097444800000000 0.034210100000000 
-0.039750000000000 0.097972800000000 0.041969800000000 
0.000250000000000 0.098587400000000 0.051675800000000 
0.040250000000000 0.097046600000000 0.028358600000000 
-0.053500000000000 0.098732000000000 0.042733700000000 
-0.013500000000000 0.099057900000000 0.047567400000000 
0.026500000000000 0.098714800000000 0.042479300000000 
-0.067750000000000 0.099354200000000 0.041462400000000 
-0.027750000000000 0.099481700000000 0.043370300000000 
0.012250000000000 0.099804600000000 0.048203800000000 
-0.082000000000000 0.099388800000000 0.031287700000000 
-0.042000000000000 0.100071000000000 0.041590300000000 
-0.002000000000000 0.100515000000000 0.048324000000000 
0.038000000000000 0.099355100000000 0.030779000000000 
-0.055750000000000 0.100862000000000 0.042862800000000 
-0.015750000000000 0.100937000000000 0.044007500000000 
0.024250000000000 0.100887000000000 0.043244300000000 
-0.069000000000000 0.101396000000000 0.040192600000000 
-0.029000000000000 0.101561000000000 0.042736200000000 
0.011000000000000 0.101866000000000 0.047441900000000 
-0.081250000000000 0.101532000000000 0.031291100000000 
-0.041250000000000 0.102145000000000 0.040829200000000 
-0.001250000000000 0.102358000000000 0.044135800000000 
0.038750000000000 0.101360000000000 0.028620400000000 
-0.053500000000000 0.102886000000000 0.041338600000000 
-0.013500000000000 0.103032000000000 0.043627700000000 
0.026500000000000 0.102813000000000 0.040194100000000 
-0.065250000000000 0.103554000000000 0.040703500000000 
-0.025250000000000 0.103683000000000 0.042738100000000 
0.014750000000000 0.103859000000000 0.045535800000000 
-0.076500000000000 0.103913000000000 0.035109200000000 
-0.036500000000000 0.104199000000000 0.039687000000000 
0.003500000000000 0.104398000000000 0.042865900000000 
-0.087250000000000 0.103698000000000 0.020106100000000 
-0.047250000000000 0.104971000000000 0.040705000000000 
-0.007250000000000 0.105176000000000 0.044011000000000 
0.032750000000000 0.104570000000000 0.034220100000000 
-0.057000000000000 0.105687000000000 0.040832800000000 
-0.017000000000000 0.105781000000000 0.042358600000000 
0.023000000000000 0.105610000000000 0.039561300000000 
-0.066250000000000 0.106280000000000 0.038926400000000 
-0.026250000000000 0.106396000000000 0.040833500000000 
0.013750000000000 0.106519000000000 0.042867800000000 
-0.074000000000000 0.106876000000000 0.037020100000000 
-0.034000000000000 0.106982000000000 0.038800100000000 
0.006000000000000 0.107142000000000 0.041469900000000 
-0.081250000000000 0.107119000000000 0.029138800000000 
-0.041250000000000 0.107684000000000 0.038673700000000 
-0.001250000000000 0.107964000000000 0.043377600000000 
0.038750000000000 0.106704000000000 0.022146600000000 
-0.048000000000000 0.108417000000000 0.039055900000000 
-0.008000000000000 0.108678000000000 0.043505300000000 
0.032000000000000 0.108051000000000 0.032826700000000 
-0.054250000000000 0.109089000000000 0.038421100000000 
-0.014250000000000 0.109311000000000 0.042234700000000 
0.025750000000000 0.109045000000000 0.037658400000000 
-0.060500000000000 0.109755000000000 0.037659200000000 
-0.020500000000000 0.109923000000000 0.040582900000000 
0.019500000000000 0.109836000000000 0.039057500000000 
-0.065750000000000 0.110458000000000 0.037533000000000 
-0.025750000000000 0.110502000000000 0.038295600000000 
0.014250000000000 0.110581000000000 0.039693800000000 
-0.071000000000000 0.111726000000000 0.047448000000000 
-0.031000000000000 0.111119000000000 0.036644100000000 
0.009000000000000 0.111305000000000 0.039948800000000 
-0.077250000000000 0.112395000000000 0.046812900000000 
-0.037250000000000 0.111766000000000 0.035501100000000 
0.002750000000000 0.112134000000000 0.042110200000000 
-0.083500000000000 0.113065000000000 0.046177900000000 
-0.043500000000000 0.112485000000000 0.035629100000000 
-0.003500000000000 0.112834000000000 0.041983800000000 
0.036500000000000 0.111605000000000 0.019615300000000 
-0.050250000000000 0.113169000000000 0.035121700000000 
-0.010250000000000 0.113487000000000 0.040967800000000 
0.029750000000000 0.113010000000000 0.032198600000000 
-0.057000000000000 0.113915000000000 0.035758100000000 
-0.017000000000000 0.114079000000000 0.038808100000000 
0.023000000000000 0.113888000000000 0.035249700000000 
-0.063750000000000 0.114971000000000 0.042239900000000 
-0.023750000000000 0.114620000000000 0.035631900000000 
0.016250000000000 0.114715000000000 0.037411000000000 
-0.071000000000000 0.116139000000000 0.052043200000000 
-0.031000000000000 0.115212000000000 0.033345600000000 
0.009000000000000 0.115492000000000 0.038682600000000 
-0.078250000000000 0.116782000000000 0.050487500000000 
-0.038250000000000 0.115885000000000 0.032584200000000 
0.001750000000000 0.116281000000000 0.040208200000000 
-0.085000000000000 0.117413000000000 0.048572900000000 
-0.045000000000000 0.116573000000000 0.032077000000000 
-0.005000000000000 0.116963000000000 0.039700700000000 
-0.091750000000000 0.117814000000000 0.042496700000000 
-0.051750000000000 0.117338000000000 0.033094500000000 
-0.011750000000000 0.117602000000000 0.038303800000000 
0.028250000000000 0.117126000000000 0.028901700000000 
-0.058000000000000 0.118344000000000 0.038939900000000 
-0.018000000000000 0.118178000000000 0.035636600000000 
0.022000000000000 0.118071000000000 0.033476700000000 
-0.063750000000000 0.119473000000000 0.047452700000000 
-0.023750000000000 0.118721000000000 0.032207300000000 
0.016250000000000 0.118865000000000 0.035129400000000 
-0.069000000000000 0.120376000000000 0.052882900000000 
-0.029000000000000 0.119298000000000 0.029413500000000 
0.011000000000000 0.119627000000000 0.036146600000000 
-0.073250000000000 0.121101000000000 0.053601200000000 
-0.033250000000000 0.119996000000000 0.029033600000000 
0.006750000000000 0.120350000000000 0.036401600000000 
-0.077000000000000 0.121766000000000 0.052524500000000 
-0.037000000000000 0.120730000000000 0.029415900000000 
0.003000000000000 0.121055000000000 0.036275500000000 
-0.080250000000000 0.122396000000000 0.050370700000000 
-0.040250000000000 0.121386000000000 0.028146900000000 
-0.000250000000000 0.121767000000000 0.036276400000000 
-0.083000000000000 0.123072000000000 0.049533400000000 
-0.043000000000000 0.122020000000000 0.026369900000000 
-0.003000000000000 0.122460000000000 0.035896300000000 
-0.085250000000000 0.123760000000000 0.048814000000000 
-0.045250000000000 0.122697000000000 0.025352700000000 
-0.005250000000000 0.123143000000000 0.035132900000000 
-0.087000000000000 0.124441000000000 0.047960200000000 
-0.047000000000000 0.123489000000000 0.026875800000000 
-0.007000000000000 0.123816000000000 0.034115600000000 
-0.087250000000000 0.125135000000000 0.047577800000000 
-0.047250000000000 0.124263000000000 0.028017800000000 
-0.007250000000000 0.124490000000000 0.033098300000000 
-0.086500000000000 0.125869000000000 0.048084400000000 
-0.046500000000000 0.124913000000000 0.026365500000000 
-0.006500000000000 0.125159000000000 0.031954000000000 
-0.085250000000000 0.126624000000000 0.049526600000000 
-0.045250000000000 0.125520000000000 0.023697300000000 
-0.005250000000000 0.125862000000000 0.031571800000000 
-0.082500000000000 0.127403000000000 0.051919100000000 
-0.042500000000000 0.126097000000000 0.020267000000000 
-0.002000000000000 0.126555000000000 0.030935600000000 
-0.077750000000000 0.128153000000000 0.053354200000000 
-0.037750000000000 0.126775000000000 0.019123000000000 
0.009750000000000 0.127201000000000 0.029156400000000 
-0.064500000000000 0.128597000000000 0.045284700000000 
-0.010500000000000 0.127806000000000 0.026361200000000 
-0.084250000000000 0.129495000000000 0.050598500000000 
-0.044250000000000 0.128256000000000 0.019756000000000 
0.014750000000000 0.128361000000000 0.022296000000000 
-0.057500000000000 0.129733000000000 0.038170000000000 
0.008000000000000 0.129242000000000 0.026105000000000 
-0.061750000000000 0.130521000000000 0.039946700000000 
0.009250000000000 0.129873000000000 0.023818000000000 
-0.058000000000000 0.131152000000000 0.037786500000000 
-0.081750000000000 0.132352000000000 0.051311600000000 
0.003250000000000 0.131054000000000 0.016958200000000 
-0.058500000000000 0.132566000000000 0.037276000000000 
-0.070250000000000 0.133718000000000 0.049034100000000 
-0.075000000000000 0.134478000000000 0.051188000000000 
-0.079750000000000 0.135180000000000 0.050827500000000 
-0.084500000000000 0.135795000000000 0.047175900000000 
-0.088750000000000 0.136252000000000 0.040063400000000 
-0.048750000000000 0.135534000000000 0.020000000000000 
-0.052500000000000 0.136560000000000 0.028506800000000 
-0.055750000000000 0.137384000000000 0.031426200000000 
-0.059500000000000 0.138178000000000 0.033583700000000 
-0.062750000000000 0.138987000000000 0.036249000000000 
-0.066000000000000 0.139906000000000 0.042342600000000 
-0.069250000000000 0.140727000000000 0.045642500000000 
-0.072500000000000 0.141477000000000 0.046783900000000 
-0.075750000000000 0.142189000000000 0.046782500000000 
-0.079500000000000 0.142850000000000 0.045130600000000 
-0.082750000000000 0.143470000000000 0.042082100000000 
-0.086000000000000 0.144064000000000 0.038017900000000 
-0.089250000000000 0.144532000000000 0.029510200000000 
-0.049250000000000 0.143928000000000 0.008815370000000 
-0.053000000000000 0.145068000000000 0.023034100000000 
-0.057750000000000 0.146057000000000 0.032428000000000 
-0.064000000000000 0.146941000000000 0.038393800000000 
-0.071250000000000 0.147744000000000 0.041566400000000 
-0.080000000000000 0.148378000000000 0.038518200000000 
-0.089750000000000 0.148749000000000 0.025187100000000 
-0.049750000000000 0.148397000000000 0.011603300000000 
-0.060500000000000 0.149747000000000 0.035976700000000 
-0.072750000000000 0.150518000000000 0.038133500000000 
-0.085500000000000 0.151004000000000 0.028611400000000 
-0.045500000000000 0.150511000000000 0.008300030000000 
-0.059250000000000 0.151849000000000 0.033815000000000 
-0.073000000000000 0.152595000000000 0.034956200000000 
-0.085250000000000 0.153064000000000 0.023911200000000 
-0.044750000000000 0.152708000000000 0.008170600000000 
-0.057500000000000 0.153903000000000 0.029114600000000 
-0.069250000000000 0.154663000000000 0.030890600000000 
-0.078500000000000 0.155267000000000 0.025304300000000 
-0.034500000000000 0.154798000000000 0.001827160000000 
-0.038750000000000 0.155585000000000 0.005199780000000 
-0.040000000000000 0.156331000000000 0.006008600000000 
-0.047750000000000 0.157124000000000 0.009054120000000 
-0.057500000000000 0.157826000000000 0.007403200000000 
-0.075250000000000 0.158370000000000 -0.008298440000000 
-0.027750000000000 0.158477000000000 0.000338085000000 
-0.039500000000000 0.159252000000000 0.002495870000000 
-0.052750000000000 0.160064000000000 0.007399540000000 
-0.075500000000000 0.160595000000000 -0.012082900000000 
-0.026500000000000 0.160713000000000 -0.001015900000000 
-0.041250000000000 0.161512000000000 0.003841500000000 
-0.067000000000000 0.162088000000000 -0.014381600000000 
-0.016500000000000 0.162147000000000 -0.008172650000000 
-0.031750000000000 0.162943000000000 -0.003585110000000 
-0.047000000000000 0.163771000000000 0.005592440000000 
-0.074750000000000 0.164337000000000 -0.018032700000000 
-0.021250000000000 0.164405000000000 -0.009123110000000 
-0.034500000000000 0.165201000000000 -0.003454990000000 
-0.048750000000000 0.165993000000000 0.002618660000000 
-0.079000000000000 0.166532000000000 -0.032755800000000 
-0.023500000000000 0.166665000000000 -0.010343800000000 
-0.037750000000000 0.167486000000000 0.001805850000000 
-0.068500000000000 0.168107000000000 -0.025200300000000 
-0.010500000000000 0.168142000000000 -0.017909000000000 
-0.022250000000000 0.168925000000000 -0.012510100000000 
-0.031500000000000 0.169705000000000 -0.006165440000000 
-0.039250000000000 0.170482000000000 0.001395180000000 
-0.070500000000000 0.171152000000000 -0.031558000000000 
-0.075750000000000 0.171912000000000 -0.036152700000000 
-0.009250000000000 0.171937000000000 -0.022647300000000 
-0.017000000000000 0.172707000000000 -0.017112300000000 
-0.024750000000000 0.173471000000000 -0.012252100000000 
-0.032000000000000 0.174229000000000 -0.002934150000000 
-0.038250000000000 0.174982000000000 -0.004286540000000 
-0.069000000000000 0.175760000000000 -0.046852700000000 
-0.073250000000000 0.176540000000000 -0.044574800000000 
-0.077000000000000 0.177315000000000 -0.046858300000000 
-0.010000000000000 0.177288000000000 -0.025501600000000 
-0.011750000000000 0.178048000000000 -0.023612800000000 
-0.011500000000000 0.178815000000000 -0.024561100000000 
-0.074000000000000 0.180429000000000 -0.050147400000000 
-0.065250000000000 0.181226000000000 -0.058557900000000 
-0.014000000000000 0.181863000000000 -0.022679500000000 
-0.022250000000000 0.184074000000000 -0.012145200000000 
-0.016000000000000 0.186426000000000 -0.020802000000000 