0.020167 -0.018696 0.136442 
0.023070 -0.013894 0.138531 
0.023955 -0.007601 0.137074 
0.023344 -0.001579 0.134254 
0.021986 0.004308 0.130752 
0.031195 0.021547 0.133411 
0.029419 0.030659 0.128304 
0.016508 -0.021185 0.135822 
0.022629 -0.013945 0.139134 
0.023701 -0.007618 0.137848 
0.022903 -0.001629 0.134858 
0.021638 0.004275 0.131443 
0.028065 0.012044 0.134864 
0.031051 0.018719 0.135326 
0.030943 0.024832 0.132964 
0.029686 0.030737 0.129552 
0.028607 0.036673 0.126302 
0.027736 0.042649 0.123245 
0.027312 0.048705 0.120596 
0.026888 0.054762 0.117947 
0.016065 -0.021234 0.136430 
0.022095 -0.014013 0.139653 
0.023354 -0.007652 0.138536 
0.022462 -0.001680 0.135462 
0.021196 0.004225 0.132048 
0.027233 0.011449 0.135281 
0.030573 0.018188 0.136065 
0.030730 0.024350 0.133945 
0.029473 0.030255 0.130534 
0.028393 0.036192 0.127285 
0.027443 0.042153 0.124157 
0.027019 0.048210 0.121508 
0.026781 0.054300 0.119030 
0.025609 0.060222 0.115701 
0.015755 -0.020788 0.136984 
0.021787 -0.013567 0.140203 
0.022860 -0.007241 0.138916 
0.021780 -0.001302 0.135673 
0.020700 0.004637 0.132430 
0.027009 0.011909 0.135906 
0.030174 0.018615 0.136527 
0.030243 0.024761 0.134326 
0.028985 0.030666 0.130917 
0.027992 0.036619 0.127748 
0.027042 0.042581 0.124622 
0.026617 0.048638 0.121974 
0.026380 0.054729 0.119496 
0.025300 0.060668 0.116253 
-0.002688 -0.025491 0.121779 
0.019824 -0.015307 0.139947 
0.022395 -0.008711 0.140019 
0.021315 -0.002772 0.136777 
0.020515 0.003218 0.133790 
0.024859 0.010133 0.135472 
0.029175 0.017047 0.137139 
0.030040 0.023337 0.135664 
0.028870 0.029258 0.132336 
0.027788 0.035196 0.129088 
0.026952 0.041178 0.126064 
0.026246 0.047185 0.123162 
0.026101 0.053292 0.120770 
0.025583 0.059333 0.118038 
0.020945 0.064632 0.111568 
0.012320 0.069686 0.101307 
-0.003005 -0.025040 0.122346 
0.019329 -0.014895 0.140328 
0.021807 -0.008317 0.140314 
0.020725 -0.002377 0.137073 
0.019925 0.003613 0.134087 
0.024636 0.010593 0.136097 
0.028599 0.017442 0.137441 
0.029641 0.023764 0.136127 
0.028470 0.029686 0.132799 
0.027300 0.035608 0.129471 
0.026457 0.041589 0.126444 
0.025844 0.047613 0.123628 
0.025700 0.053721 0.121236 
0.025274 0.059778 0.118590 
0.021477 0.065230 0.112887 
0.012715 0.069790 0.102685 
-0.006972 -0.028547 0.120826 
0.015466 -0.018390 0.138878 
0.020755 -0.011308 0.141407 
0.020985 -0.005133 0.139355 
0.019810 0.000791 0.136031 
0.020415 0.007033 0.134318 
0.026331 0.014230 0.137422 
0.028967 0.020839 0.137557 
0.028681 0.026921 0.135035 
0.027421 0.032827 0.131627 
0.026515 0.038797 0.128542 
0.025636 0.044773 0.125485 
0.025398 0.050864 0.123009 
0.025253 0.056972 0.120618 
0.023703 0.062828 0.116954 
0.015968 0.067576 0.107692 
0.012543 0.073096 0.102332 
-0.007064 -0.027583 0.121426 
0.016133 -0.017297 0.140141 
0.020206 -0.010434 0.141565 
0.020155 -0.004309 0.139259 
0.019260 0.001665 0.136190 
0.020427 0.008008 0.134986 
0.025970 0.015136 0.137747 
0.028519 0.021729 0.137800 
0.028055 0.027779 0.135118 
0.026795 0.033686 0.131711 
0.025977 0.039672 0.128707 
0.024993 0.045630 0.125558 
0.024848 0.051738 0.123167 
0.024797 0.057863 0.120861 
0.023058 0.063686 0.117029 
0.015601 0.068485 0.108027 
0.012737 0.074107 0.103178 
-0.008626 -0.028769 0.121393 
0.013455 -0.018690 0.139076 
0.019030 -0.011560 0.141852 
0.019729 -0.005301 0.140224 
0.018927 0.000690 0.137241 
0.018219 0.006698 0.134342 
0.024743 0.014000 0.137982 
0.027559 0.020640 0.138275 
0.027804 0.026818 0.136237 
0.026631 0.032740 0.132911 
0.025635 0.038695 0.129747 
0.024474 0.044621 0.126438 
0.024328 0.050730 0.124047 
0.024371 0.056872 0.121826 
0.023287 0.062812 0.118589 
0.017609 0.067932 0.111202 
0.012962 0.073236 0.104746 
0.011035 0.079026 0.100746 
-0.007396 -0.025210 0.122317 
0.016665 -0.014785 0.141762 
0.019146 -0.008208 0.141742 
0.018437 -0.002200 0.138844 
0.017916 0.003842 0.136116 
0.020773 0.010486 0.136435 
0.025111 0.017396 0.138098 
0.027572 0.023972 0.138069 
0.026665 0.029943 0.134986 
0.025492 0.035866 0.131661 
0.024454 0.041815 0.128463 
0.023839 0.047839 0.125650 
0.023787 0.053965 0.123345 
0.023829 0.060106 0.121124 
0.021526 0.065830 0.116788 
0.014156 0.070650 0.107881 
0.013072 0.076591 0.104645 
-0.010603 -0.029520 0.121846 
0.010089 -0.019702 0.138231 
0.017170 -0.012307 0.142353 
0.018526 -0.005931 0.141316 
0.017629 0.000044 0.138251 
0.016826 0.006036 0.135269 
0.022312 0.013147 0.137954 
0.025134 0.019787 0.138249 
0.026887 0.026236 0.137577 
0.025624 0.032143 0.134173 
0.024450 0.038066 0.130849 
0.023553 0.044041 0.127783 
0.023689 0.050200 0.125647 
0.023261 0.056259 0.123004 
0.022928 0.062334 0.120446 
0.019309 0.067824 0.114927 
0.013156 0.072863 0.107126 
0.012822 0.078938 0.104567 
-0.010241 -0.027532 0.122508 
0.012055 -0.017435 0.140315 
0.017168 -0.010391 0.142658 
0.017303 -0.004232 0.140523 
0.016875 0.001826 0.137880 
0.016260 0.007852 0.135069 
0.022744 0.015140 0.138650 
0.025473 0.021763 0.138860 
0.025896 0.027973 0.136982 
0.024544 0.033864 0.133499 
0.023510 0.039814 0.130307 
0.023364 0.045923 0.127918 
0.023499 0.052082 0.125782 
0.022696 0.058074 0.122802 
0.021704 0.064032 0.119653 
0.017520 0.069424 0.113630 
0.012960 0.074748 0.107269 
0.012532 0.080807 0.104627 
-0.010843 -0.027130 0.122824 
0.011558 -0.017021 0.140700 
0.016390 -0.010029 0.142786 
0.016337 -0.003904 0.140483 
0.016003 0.002172 0.137925 
0.015669 0.008248 0.135368 
0.021900 0.015488 0.138713 
0.024808 0.022143 0.139082 
0.025141 0.028337 0.137124 
0.023788 0.034229 0.133641 
0.022921 0.040209 0.130603 
0.023996 0.046534 0.129312 
0.024225 0.052710 0.127261 
0.022106 0.058469 0.123099 
0.021114 0.064428 0.119951 
0.017397 0.069904 0.114354 
0.012929 0.075246 0.108081 
0.012689 0.081338 0.105609 
0.007375 0.086531 0.098576 
-0.007855 -0.021374 0.124626 
0.015024 -0.011187 0.142909 
0.015629 -0.004945 0.141195 
0.015200 0.001114 0.138554 
0.014960 0.007207 0.136082 
0.019136 0.014082 0.137575 
0.023580 0.021007 0.139318 
0.024623 0.027327 0.138002 
0.023003 0.033172 0.134280 
0.022684 0.039250 0.131735 
0.024203 0.045655 0.130845 
0.024981 0.051928 0.129288 
0.021868 0.057511 0.124234 
0.020875 0.063470 0.121086 
0.018097 0.069113 0.116336 
0.012687 0.074290 0.109223 
0.013386 0.080549 0.107595 
0.009856 0.086059 0.102169 
-0.010251 -0.023650 0.124198 
0.012357 -0.013518 0.142212 
0.014560 -0.006993 0.141932 
0.014131 -0.000934 0.139292 
0.014548 0.005275 0.137410 
0.017128 0.011866 0.137467 
0.021917 0.018850 0.139511 
0.023761 0.025313 0.138916 
0.022584 0.031237 0.135595 
0.022275 0.037317 0.133060 
0.024050 0.043768 0.132401 
0.025183 0.050104 0.131165 
0.023432 0.055927 0.127330 
0.020746 0.061588 0.122667 
0.018718 0.067365 0.118593 
0.013776 0.072626 0.111906 
0.013159 0.078652 0.109097 
0.011695 0.084529 0.105529 
-0.013063 -0.026470 0.123574 
-0.009165 -0.019647 0.124809 
0.012981 -0.009604 0.142387 
0.013398 -0.003395 0.140505 
0.013627 0.002781 0.138455 
0.013762 0.008940 0.136321 
0.018035 0.015830 0.137893 
0.022503 0.022756 0.139648 
0.022214 0.028839 0.137129 
0.022014 0.034938 0.134691 
0.023769 0.041386 0.134015 
0.024991 0.047738 0.132859 
0.024703 0.053821 0.130340 
0.021331 0.059359 0.125058 
0.019208 0.065120 0.120902 
0.016709 0.070815 0.116409 
0.012423 0.076194 0.110315 
0.013310 0.082486 0.108855 
0.009870 0.088014 0.103520 
-0.012300 -0.022996 0.124071 
0.009574 -0.013007 0.141382 
0.012249 -0.006401 0.141520 
0.012384 -0.000241 0.139386 
0.013271 0.006051 0.137925 
0.015194 0.012525 0.137391 
0.020222 0.019546 0.139634 
0.021450 0.025899 0.138481 
0.021150 0.031981 0.135955 
0.023450 0.038524 0.135767 
0.024316 0.044813 0.134290 
0.025183 0.051102 0.132813 
0.023006 0.056850 0.128597 
0.019659 0.062396 0.123348 
0.017629 0.068174 0.119278 
0.013435 0.073571 0.113272 
0.012911 0.079614 0.110548 
0.012010 0.085591 0.107488 
0.007534 0.090938 0.101230 
-0.011763 -0.020034 0.124538 
0.010119 -0.010051 0.141833 
0.010818 -0.003792 0.140204 
0.012271 0.002599 0.139248 
0.012688 0.008808 0.137366 
0.016117 0.015547 0.138176 
0.020112 0.022385 0.139491 
0.019964 0.028495 0.137105 
0.022468 0.035074 0.137097 
0.023780 0.041441 0.136020 
0.024913 0.047778 0.134783 
0.024713 0.053877 0.132345 
0.021672 0.059474 0.127361 
0.018417 0.065037 0.122199 
0.016386 0.070816 0.118130 
0.011814 0.076148 0.111791 
0.013172 0.082522 0.110751 
0.010482 0.088185 0.106094 
-0.014806 -0.023365 0.123889 
-0.011187 -0.016594 0.124865 
0.009198 -0.006880 0.140801 
0.010745 -0.000472 0.139928 
0.012009 0.005885 0.138803 
0.012049 0.012028 0.136585 
0.017176 0.019064 0.138906 
0.018817 0.025488 0.138117 
0.020725 0.031959 0.137568 
0.023105 0.038517 0.137451 
0.024950 0.044979 0.136854 
0.025194 0.051158 0.134816 
0.023481 0.056988 0.131019 
0.020188 0.062544 0.125820 
0.017026 0.068125 0.120745 
0.014240 0.073772 0.116006 
0.012208 0.079551 0.111939 
0.012531 0.085744 0.109973 
0.008521 0.091176 0.104142 
-0.014513 -0.019974 0.123965 
-0.010893 -0.013203 0.124939 
0.008746 -0.003626 0.140189 
0.011048 0.002913 0.139987 
0.011653 0.009155 0.138274 
0.013955 0.015695 0.138072 
0.017104 0.022382 0.138626 
0.018934 0.028839 0.138004 
0.022252 0.035561 0.138722 
0.024009 0.042007 0.138044 
0.024609 0.048249 0.136327 
0.024408 0.054348 0.133890 
0.021584 0.059984 0.129101 
0.018326 0.065549 0.123945 
0.015727 0.071230 0.119376 
0.011433 0.076613 0.113296 
0.012604 0.082954 0.112086 
0.010947 0.088800 0.108357 
0.005522 0.093986 0.101269 
-0.013065 -0.014965 0.124549 
0.005074 -0.005656 0.138443 
0.009921 0.001328 0.140506 
0.011092 0.007669 0.139296 
0.010661 0.013730 0.136659 
0.014848 0.020599 0.138134 
0.017716 0.027236 0.138435 
0.021338 0.034010 0.139419 
0.023274 0.040487 0.138900 
0.025209 0.046965 0.138382 
0.024741 0.053018 0.135705 
0.022670 0.058786 0.131590 
0.020123 0.064475 0.127063 
0.016015 0.069892 0.121154 
0.012755 0.075458 0.116000 
0.011852 0.081437 0.112944 
0.011797 0.087563 0.110643 
0.007595 0.092964 0.104650 
-0.014610 -0.014728 0.124027 
0.004385 -0.005275 0.138664 
0.009423 0.001741 0.140891 
0.010689 0.008099 0.139765 
0.009974 0.014110 0.136877 
0.013126 0.020797 0.137428 
0.017692 0.027731 0.139236 
0.021116 0.034469 0.140042 
0.023230 0.040978 0.139683 
0.024989 0.047424 0.139004 
0.024431 0.053461 0.136248 
0.022448 0.059245 0.132213 
0.020193 0.064985 0.127948 
0.015894 0.070371 0.121874 
0.012633 0.075938 0.116723 
0.011446 0.081867 0.113416 
0.011580 0.088027 0.111284 
0.007470 0.093446 0.105378 
-0.015684 -0.014408 0.123926 
0.003980 -0.004844 0.139136 
0.009019 0.002171 0.141361 
0.010191 0.008512 0.140150 
0.009381 0.014507 0.137179 
0.011779 0.021062 0.137058 
0.017763 0.028241 0.140120 
0.020983 0.034944 0.140745 
0.023098 0.041453 0.140385 
0.024679 0.047867 0.139546 
0.023942 0.053872 0.136630 
0.022226 0.059704 0.132837 
0.020169 0.065479 0.128749 
0.015773 0.070850 0.122594 
0.012416 0.076401 0.117362 
0.011040 0.082298 0.113889 
0.011363 0.088491 0.111924 
0.007345 0.093927 0.106105 
-0.014785 -0.012806 0.125209 
0.004603 -0.003294 0.140163 
0.009078 0.003622 0.141884 
0.009684 0.009864 0.140170 
0.008684 0.015827 0.137032 
0.012121 0.022562 0.137831 
0.018642 0.029835 0.141371 
0.021292 0.036438 0.141488 
0.023319 0.042931 0.141047 
0.023830 0.049156 0.139250 
0.023271 0.055193 0.136495 
0.021286 0.060979 0.132463 
0.019663 0.066831 0.128767 
0.015172 0.072186 0.122531 
0.011341 0.077656 0.116881 
0.010909 0.083717 0.114246 
0.010665 0.089811 0.111778 
0.006551 0.095231 0.105876 
-0.014679 -0.011815 0.125959 
0.004715 -0.002304 0.140909 
0.009003 0.004578 0.142461 
0.009231 0.010755 0.140412 
0.008137 0.016701 0.137191 
0.012519 0.023600 0.138827 
0.019000 0.030866 0.142332 
0.021206 0.037390 0.142050 
0.023144 0.043867 0.141528 
0.023387 0.050045 0.139491 
0.023006 0.056114 0.136896 
0.020663 0.061837 0.132548 
0.019118 0.067705 0.128925 
0.014814 0.073093 0.122857 
0.010604 0.078497 0.116873 
0.010549 0.084624 0.114573 
0.010116 0.090685 0.111938 
0.005906 0.096090 0.105954 
-0.014668 -0.010840 0.126626 
0.004923 -0.001299 0.141738 
0.008834 0.005518 0.142954 
0.008779 0.011645 0.140655 
0.007590 0.017575 0.137351 
0.013012 0.024654 0.139906 
0.019180 0.031866 0.143134 
0.021209 0.038358 0.142690 
0.022790 0.044772 0.141849 
0.022945 0.050935 0.139733 
0.022831 0.057050 0.137378 
0.020219 0.062728 0.132793 
0.018479 0.068562 0.128998 
0.014456 0.073999 0.123183 
0.009961 0.079355 0.116949 
0.010189 0.085531 0.114900 
0.009566 0.091560 0.112098 
0.005544 0.096998 0.106283 
-0.014372 -0.009816 0.127544 
0.005225 -0.000277 0.142651 
0.008571 0.006441 0.143364 
0.008231 0.012519 0.140814 
0.007136 0.018465 0.137593 
0.013789 0.025757 0.141236 
0.019183 0.032834 0.143775 
0.021212 0.039326 0.143330 
0.022526 0.045692 0.142249 
0.022502 0.051824 0.139974 
0.022477 0.057955 0.137699 
0.019953 0.063649 0.133196 
0.017744 0.069402 0.128988 
0.014193 0.074922 0.123593 
0.009223 0.080196 0.116941 
0.009829 0.086438 0.115228 
0.008923 0.092418 0.112175 
0.004804 0.097840 0.106277 
-0.014455 -0.008858 0.128127 
0.005433 0.000728 0.143480 
0.008402 0.007380 0.143857 
0.007779 0.013409 0.141056 
0.006967 0.019405 0.138087 
0.014094 0.026778 0.142146 
0.019096 0.033786 0.144336 
0.021126 0.040277 0.143891 
0.022173 0.046597 0.142570 
0.022148 0.052729 0.140296 
0.022034 0.058845 0.137942 
0.019687 0.064571 0.133600 
0.016915 0.070226 0.128895 
0.013740 0.075812 0.123835 
0.008485 0.081038 0.116934 
0.009469 0.087345 0.115555 
0.008279 0.093276 0.112252 
0.004158 0.098698 0.106355 
-0.015088 -0.008940 0.128567 
0.004807 0.000644 0.143915 
0.008060 0.007345 0.144544 
0.007531 0.013390 0.141826 
0.006435 0.019337 0.138607 
0.013375 0.026677 0.142497 
0.018663 0.033734 0.144935 
0.021051 0.040287 0.144806 
0.021562 0.046513 0.143009 
0.021895 0.052707 0.141053 
0.021601 0.058792 0.138540 
0.019431 0.064550 0.134359 
0.016858 0.070240 0.129831 
0.013682 0.075827 0.124772 
0.008709 0.081102 0.118124 
0.008936 0.087278 0.116075 
0.008123 0.093275 0.113107 
0.004190 0.098730 0.107379 
-0.015304 -0.008477 0.129205 
0.004598 0.001105 0.144548 
0.007758 0.007789 0.145091 
0.007228 0.013835 0.142374 
0.006226 0.019798 0.139239 
0.013263 0.027154 0.143211 
0.018359 0.034176 0.145476 
0.021284 0.040822 0.145821 
0.021170 0.046938 0.143468 
0.021949 0.053211 0.141909 
0.021119 0.059203 0.138921 
0.019037 0.064977 0.134821 
0.016557 0.070684 0.130378 
0.013379 0.076271 0.125320 
0.008310 0.081530 0.118589 
0.008442 0.087690 0.116457 
0.007724 0.093703 0.113573 
0.003789 0.099159 0.107846 
-0.015520 -0.008015 0.129842 
0.004389 0.001566 0.145180 
0.007455 0.008233 0.145639 
0.006831 0.014262 0.142839 
0.005922 0.020242 0.139787 
0.013246 0.027646 0.144008 
0.018234 0.034649 0.146174 
0.021160 0.041294 0.146518 
0.020956 0.047395 0.144086 
0.021914 0.053699 0.142686 
0.020636 0.059613 0.139302 
0.018642 0.065403 0.135284 
0.016067 0.071095 0.130758 
0.013077 0.076715 0.125868 
0.007911 0.081958 0.119055 
0.007949 0.088102 0.116840 
0.007324 0.094131 0.114039 
0.003293 0.099571 0.108229 
-0.016153 -0.008097 0.130282 
0.003763 0.001482 0.145616 
0.007113 0.008198 0.146325 
0.006678 0.014260 0.143692 
0.005485 0.020191 0.140390 
0.012528 0.027545 0.144359 
0.017980 0.034627 0.146932 
0.020908 0.041272 0.147274 
0.021061 0.047436 0.145159 
0.021930 0.053723 0.143679 
0.020203 0.059561 0.139900 
0.018298 0.065367 0.135963 
0.016105 0.071125 0.131777 
0.012925 0.076712 0.126721 
0.008040 0.082006 0.120160 
0.007321 0.088019 0.117276 
0.006980 0.094097 0.114727 
0.003137 0.099570 0.109086 
-0.016787 -0.008178 0.130723 
0.003136 0.001398 0.146052 
0.006677 0.008147 0.146927 
0.006525 0.014258 0.144545 
0.005048 0.020140 0.140993 
0.011998 0.027477 0.144877 
0.017816 0.034621 0.147768 
0.020566 0.041234 0.147950 
0.021077 0.047460 0.146153 
0.021767 0.053717 0.144514 
0.019771 0.059508 0.140499 
0.017954 0.065330 0.136643 
0.015954 0.071122 0.132629 
0.012772 0.076710 0.127574 
0.008644 0.082135 0.121683 
0.006693 0.087935 0.117713 
0.006636 0.094063 0.115415 
0.003075 0.099586 0.110025 
-0.010072 -0.007465 0.137817 
0.001996 0.000754 0.146208 
0.006202 0.007617 0.147668 
0.006428 0.013793 0.145620 
0.004761 0.019643 0.141902 
0.010671 0.026800 0.144865 
0.017434 0.034105 0.148584 
0.020274 0.040733 0.148843 
0.020606 0.046928 0.146888 
0.021744 0.053262 0.145644 
0.019926 0.059085 0.141790 
0.017749 0.064846 0.137619 
0.016143 0.070706 0.133953 
0.012771 0.076262 0.128732 
0.009398 0.081817 0.123510 
0.005741 0.087324 0.118038 
0.006347 0.093566 0.116324 
0.003827 0.099269 0.111854 
-0.010939 -0.010420 0.139086 
-0.002847 -0.002889 0.143968 
0.004392 0.004496 0.148098 
0.006609 0.011016 0.147804 
0.005225 0.016915 0.144336 
0.006399 0.023255 0.143123 
0.014345 0.030761 0.147877 
0.018711 0.037652 0.149479 
0.020387 0.044078 0.148709 
0.021256 0.050366 0.147228 
0.020871 0.056437 0.144640 
0.018245 0.062121 0.140076 
0.016784 0.068007 0.136539 
0.014278 0.073712 0.132084 
0.011378 0.079350 0.127281 
0.005351 0.084449 0.119722 
0.006051 0.090708 0.118092 
0.005141 0.096688 0.115042 
0.000535 0.102032 0.108736 
-0.009122 -0.009137 0.141335 
-0.001880 -0.001753 0.145464 
0.004508 0.005484 0.148842 
0.006346 0.011938 0.148213 
0.004677 0.017789 0.144496 
0.006894 0.024308 0.144201 
0.014797 0.031806 0.148912 
0.018626 0.038603 0.150037 
0.020034 0.044983 0.149029 
0.020994 0.051286 0.147627 
0.020518 0.057341 0.144961 
0.017980 0.063042 0.140478 
0.016160 0.068866 0.136627 
0.013732 0.074586 0.132242 
0.010831 0.080224 0.127439 
0.004516 0.085275 0.119633 
0.005407 0.091566 0.118169 
0.004496 0.097547 0.115120 
-0.000870 0.102761 0.108147 
-0.009112 -0.010526 0.142857 
-0.004997 -0.003680 0.144230 
0.002911 0.003817 0.148941 
0.005887 0.010467 0.149313 
0.004881 0.016431 0.146181 
0.004633 0.022526 0.143716 
0.012446 0.030008 0.148343 
0.017449 0.037005 0.150496 
0.019575 0.043508 0.150119 
0.020445 0.049795 0.148638 
0.020507 0.055944 0.146446 
0.018237 0.061692 0.142202 
0.016146 0.067470 0.138116 
0.013653 0.073179 0.133675 
0.010940 0.078850 0.129041 
0.006520 0.084228 0.122905 
0.004376 0.089997 0.118771 
0.004507 0.096157 0.116640 
0.000751 0.101649 0.111087 
-0.010168 -0.013514 0.143958 
-0.006527 -0.006751 0.144914 
-0.000418 0.000436 0.148038 
0.004646 0.007444 0.150244 
0.005631 0.013751 0.148864 
0.003771 0.019569 0.144981 
0.007697 0.026382 0.146187 
0.015434 0.033848 0.150741 
0.018279 0.040474 0.150993 
0.019508 0.046822 0.149827 
0.020289 0.053094 0.148266 
0.019633 0.059120 0.145444 
0.017182 0.064837 0.141044 
0.014690 0.070547 0.136608 
0.012355 0.076284 0.132308 
0.009356 0.081907 0.127424 
0.002847 0.086927 0.119454 
0.004212 0.093299 0.118407 
0.002921 0.099215 0.115025 
-0.004916 0.104006 0.105887 
-0.008688 -0.011818 0.145734 
-0.004856 -0.005022 0.146855 
0.000495 0.002034 0.149311 
0.004802 0.008911 0.150849 
0.005124 0.015104 0.148885 
0.003167 0.020906 0.144919 
0.009182 0.028076 0.147958 
0.015928 0.035370 0.151634 
0.018145 0.041888 0.151333 
0.019465 0.048252 0.150245 
0.019886 0.054462 0.148369 
0.018870 0.060426 0.145232 
0.016418 0.066144 0.140834 
0.013614 0.071802 0.136127 
0.011183 0.077523 0.131744 
0.008183 0.083146 0.126861 
0.002051 0.088231 0.119227 
0.003606 0.094636 0.118346 
0.001840 0.100471 0.114548 
-0.013247 -0.018712 0.144968 
-0.007894 -0.011656 0.147423 
-0.004156 -0.004877 0.148460 
0.000058 0.001983 0.149914 
0.004271 0.008843 0.151368 
0.004782 0.015069 0.149570 
0.002920 0.020888 0.145689 
0.008747 0.028025 0.148560 
0.015496 0.035317 0.152232 
0.017624 0.041819 0.151851 
0.019034 0.048198 0.150841 
0.019365 0.054393 0.148886 
0.018528 0.060389 0.145908 
0.016164 0.066123 0.141591 
0.013274 0.071767 0.136812 
0.011032 0.077520 0.132597 
0.008031 0.083144 0.127715 
0.001422 0.088148 0.119664 
0.002882 0.094537 0.118701 
0.001400 0.100421 0.115153 
-0.014891 -0.020856 0.145211 
-0.008682 -0.013655 0.148414 
-0.004277 -0.006762 0.150034 
-0.001676 -0.000179 0.150070 
0.002918 0.006746 0.151856 
0.004664 0.013183 0.151142 
0.002991 0.019035 0.147428 
0.005781 0.025651 0.147631 
0.014097 0.033211 0.152675 
0.016316 0.039728 0.152372 
0.018086 0.046168 0.151676 
0.018687 0.052409 0.149957 
0.018389 0.058496 0.147451 
0.017012 0.064400 0.144002 
0.014012 0.070027 0.139133 
0.011389 0.075716 0.134585 
0.008956 0.081437 0.130204 
0.003674 0.086671 0.123322 
0.001906 0.092506 0.119525 
0.001752 0.098617 0.117144 
-0.003150 0.103916 0.110596 
-0.011202 -0.017366 0.148404 
-0.005466 -0.010246 0.151189 
-0.002769 -0.003647 0.151308 
0.000117 0.002985 0.151593 
0.003668 0.009731 0.152462 
0.003989 0.015924 0.150498 
0.002410 0.021792 0.146868 
0.009571 0.029155 0.150903 
0.015249 0.036261 0.153623 
0.016840 0.042670 0.152768 
0.018160 0.049034 0.151678 
0.018222 0.055183 0.149488 
0.017474 0.061194 0.146590 
0.015376 0.066976 0.142514 
0.012104 0.072556 0.137404 
0.009860 0.078310 0.133191 
0.006951 0.083950 0.128394 
0.000147 0.088924 0.120181 
0.001513 0.095296 0.119133 
0.000124 0.101197 0.115669 
-0.015758 -0.021897 0.146784 
-0.008025 -0.014437 0.151317 
-0.003807 -0.007578 0.152768 
-0.001870 -0.001108 0.152220 
0.001397 0.005588 0.152838 
0.003808 0.012139 0.152706 
0.002894 0.018121 0.149659 
0.003215 0.024314 0.147695 
0.012703 0.032071 0.153756 
0.014834 0.038572 0.153372 
0.016875 0.045057 0.152909 
0.017926 0.051375 0.151583 
0.017537 0.057447 0.149000 
0.016788 0.063459 0.146104 
0.014240 0.069165 0.141637 
0.010820 0.074720 0.136398 
0.008480 0.080458 0.132102 
0.004524 0.085920 0.126389 
-0.000192 0.091252 0.120011 
0.000700 0.097543 0.118547 
-0.002306 0.103167 0.113667 
-0.013706 -0.020104 0.149057 
-0.006160 -0.012677 0.153422 
-0.003082 -0.006013 0.153872 
-0.001430 0.000407 0.153074 
0.001743 0.007088 0.153608 
0.003490 0.013524 0.152894 
0.002195 0.019441 0.149514 
0.005178 0.026089 0.149882 
0.013378 0.033623 0.154803 
0.014880 0.040017 0.153869 
0.016741 0.046471 0.153248 
0.017343 0.052712 0.151529 
0.017133 0.058816 0.149104 
0.016024 0.064767 0.145894 
0.013384 0.070458 0.141351 
0.010027 0.076024 0.136168 
0.007591 0.081746 0.131790 
0.002873 0.087079 0.125412 
-0.000609 0.092622 0.120118 
-0.000097 0.098848 0.118320 
-0.004435 0.104245 0.112276 
-0.011937 -0.018360 0.151079 
-0.004863 -0.011015 0.155026 
-0.002355 -0.004449 0.154977 
-0.000988 0.001923 0.153929 
0.001996 0.008570 0.154295 
0.003077 0.014893 0.152998 
0.001591 0.020778 0.149452 
0.007048 0.027847 0.151983 
0.013785 0.035129 0.155614 
0.015106 0.041492 0.154522 
0.016698 0.047900 0.153665 
0.016849 0.054065 0.151554 
0.016820 0.060199 0.149286 
0.015169 0.066059 0.145607 
0.012708 0.071782 0.141223 
0.009044 0.077295 0.135773 
0.006607 0.083018 0.131395 
-0.000110 0.088010 0.123271 
-0.001025 0.093992 0.120224 
-0.001180 0.100104 0.117844 
-0.007612 0.105145 0.109970 
-0.008073 -0.016260 0.154932 
-0.004042 -0.009435 0.156213 
-0.001913 -0.002933 0.155831 
-0.000356 0.003471 0.154949 
0.002153 0.010037 0.154899 
0.002569 0.016246 0.153018 
0.001273 0.022164 0.149640 
0.008814 0.029587 0.153991 
0.014101 0.036619 0.156345 
0.015243 0.042951 0.155096 
0.016746 0.049344 0.154160 
0.016446 0.055433 0.151657 
0.016326 0.061552 0.149312 
0.014584 0.067397 0.145556 
0.011450 0.073006 0.140587 
0.008156 0.078583 0.135460 
0.005527 0.084274 0.130917 
-0.001668 0.089186 0.122378 
-0.001633 0.095330 0.120165 
-0.002263 0.101361 0.117369 
-0.018215 -0.023630 0.149125 
-0.006815 -0.015078 0.156674 
-0.003735 -0.008414 0.157123 
-0.001891 -0.001962 0.156490 
-0.000143 0.004474 0.155774 
0.001891 0.010959 0.155308 
0.002307 0.017169 0.153427 
0.001200 0.023119 0.150215 
0.009811 0.030721 0.155489 
0.013929 0.037554 0.156822 
0.015522 0.043962 0.155964 
0.016664 0.050294 0.154714 
0.016093 0.056337 0.151978 
0.015792 0.062426 0.149476 
0.013959 0.068257 0.145644 
0.010714 0.073847 0.140578 
0.007418 0.079425 0.135453 
0.004598 0.085083 0.130744 
-0.002886 0.089947 0.121958 
-0.002375 0.096173 0.120160 
-0.003386 0.102139 0.117032 
-0.011550 -0.020581 0.155250 
-0.005803 -0.013465 0.158027 
-0.003102 -0.006867 0.158143 
-0.002020 -0.000544 0.156844 
0.000205 0.005973 0.156544 
0.001573 0.012345 0.155495 
0.001703 0.018505 0.153365 
0.001548 0.024618 0.150985 
0.011119 0.032378 0.157081 
0.013344 0.038892 0.156770 
0.015840 0.045452 0.156692 
0.016351 0.051677 0.154895 
0.015870 0.057736 0.152238 
0.015028 0.063734 0.149267 
0.013013 0.069535 0.145281 
0.009350 0.075054 0.139850 
0.006719 0.080745 0.135308 
0.003136 0.086274 0.129934 
-0.004255 0.091156 0.121233 
-0.003173 0.097478 0.119935 
-0.005137 0.103283 0.115975 
-0.010007 -0.019350 0.157241 
-0.005305 -0.012412 0.159102 
-0.002698 -0.005831 0.159134 
-0.001997 0.000427 0.157503 
0.000419 0.006977 0.157369 
0.001311 0.013267 0.155904 
0.001060 0.019363 0.153441 
0.002905 0.025815 0.152808 
0.011397 0.033389 0.157950 
0.013172 0.039827 0.157247 
0.015849 0.046416 0.157324 
0.015999 0.052581 0.155214 
0.015698 0.058671 0.152714 
0.014404 0.064593 0.149354 
0.012388 0.070395 0.145369 
0.008612 0.075895 0.139842 
0.006076 0.081603 0.135384 
0.002015 0.087052 0.129596 
-0.005284 0.091950 0.120980 
-0.004011 0.098305 0.119848 
-0.006833 0.103964 0.115140 
-0.009969 -0.019320 0.158261 
-0.005361 -0.012398 0.160038 
-0.002849 -0.005833 0.159986 
-0.002052 0.000441 0.158438 
0.000174 0.006958 0.158137 
0.000875 0.013216 0.156506 
0.000719 0.019328 0.154127 
0.002469 0.025764 0.153410 
0.010965 0.033337 0.158548 
0.013011 0.039819 0.158078 
0.015508 0.046378 0.157998 
0.015929 0.052588 0.156122 
0.015357 0.058632 0.153388 
0.014062 0.064555 0.150030 
0.012225 0.070388 0.146203 
0.008654 0.075925 0.140859 
0.005735 0.081568 0.136069 
0.001768 0.087033 0.130365 
-0.005915 0.091868 0.121419 
-0.004927 0.098174 0.120037 
-0.007465 0.103882 0.115580 
-0.011289 -0.020936 0.158615 
-0.006012 -0.013902 0.160973 
-0.003404 -0.007321 0.161004 
-0.002130 -0.000966 0.159871 
-0.000952 0.005373 0.158655 
0.000512 0.011760 0.157689 
0.000832 0.017953 0.155725 
0.000104 0.023969 0.152848 
0.009330 0.031666 0.158625 
0.012552 0.038345 0.159168 
0.014508 0.044812 0.158618 
0.015923 0.051188 0.157601 
0.014717 0.057127 0.154322 
0.014325 0.063202 0.151744 
0.012216 0.068989 0.147685 
0.010198 0.074792 0.143704 
0.005848 0.080193 0.137668 
0.002832 0.085821 0.132796 
-0.004377 0.090737 0.124268 
-0.006153 0.096574 0.120476 
-0.007072 0.102557 0.117432 
-0.019344 -0.025583 0.153791 
-0.008059 -0.017532 0.161381 
-0.004688 -0.010821 0.162076 
-0.002461 -0.004305 0.161774 
-0.001568 0.001985 0.160309 
-0.000199 0.008356 0.159259 
0.000312 0.014582 0.157461 
-0.000226 0.020630 0.154750 
0.003622 0.027421 0.155860 
0.011031 0.034803 0.160031 
0.013079 0.041285 0.159558 
0.015127 0.047767 0.159086 
0.015186 0.053917 0.156899 
0.014703 0.059977 0.154244 
0.013496 0.065916 0.150966 
0.011657 0.071750 0.147143 
0.007425 0.077177 0.141232 
0.004599 0.082837 0.136527 
0.000152 0.088223 0.130410 
-0.008871 0.092833 0.120305 
-0.007025 0.099284 0.119670 
-0.011758 0.104621 0.113304 
-0.011959 -0.021947 0.160350 
-0.006584 -0.014897 0.162788 
-0.003784 -0.008284 0.162984 
-0.002224 -0.001881 0.162100 
-0.001331 0.004409 0.160635 
-0.000057 0.010764 0.159502 
0.000073 0.016925 0.157372 
-0.000751 0.022924 0.154412 
0.007210 0.030407 0.159087 
0.011791 0.037310 0.160794 
0.013116 0.043671 0.159697 
0.015164 0.050153 0.159223 
0.013867 0.056077 0.155869 
0.014106 0.062258 0.153838 
0.012357 0.068107 0.150094 
0.010336 0.073911 0.146116 
0.006423 0.079391 0.140478 
0.003501 0.085035 0.135691 
-0.002760 0.090114 0.127997 
-0.009307 0.095145 0.120053 
-0.008414 0.101435 0.118588 
-0.020307 -0.026640 0.155280 
-0.009014 -0.018591 0.162864 
-0.005354 -0.011833 0.163807 
-0.002744 -0.005252 0.163836 
-0.001851 0.001038 0.162371 
-0.001245 0.007280 0.160656 
-0.000352 0.013570 0.159191 
-0.000509 0.019682 0.156813 
0.001624 0.026182 0.156427 
0.009637 0.033664 0.161114 
0.012229 0.040236 0.161105 
0.013735 0.046627 0.160164 
0.014789 0.052942 0.158833 
0.013852 0.058927 0.155791 
0.012916 0.064912 0.152749 
0.011617 0.070837 0.149396 
0.008575 0.076471 0.144538 
0.004888 0.081987 0.139088 
0.000533 0.087389 0.133056 
-0.007257 0.092211 0.124035 
-0.009417 0.097985 0.119913 
-0.012055 0.103678 0.115376 
-0.012074 -0.021919 0.162223 
-0.006981 -0.014919 0.164409 
-0.003988 -0.008274 0.164770 
-0.002428 -0.001871 0.163885 
-0.001344 0.004452 0.162586 
-0.000833 0.010677 0.160789 
-0.000894 0.016806 0.158493 
-0.001338 0.022870 0.155866 
0.006977 0.030408 0.160831 
0.010928 0.037204 0.161987 
0.012616 0.043624 0.161200 
0.014213 0.050030 0.160336 
0.013366 0.056031 0.157372 
0.013334 0.062166 0.155109 
0.012126 0.068107 0.151834 
0.009921 0.073882 0.147705 
0.006221 0.079401 0.142262 
0.002914 0.084981 0.137145 
-0.002875 0.090142 0.129869 
-0.013531 0.094481 0.118361 
-0.011206 0.101013 0.118140 
-0.014540 -0.023728 0.161582 
-0.007823 -0.016455 0.165178 
-0.004829 -0.009810 0.165538 
-0.002599 -0.003294 0.165234 
-0.001802 0.002979 0.163686 
-0.001673 0.009141 0.161556 
-0.001162 0.015366 0.159759 
-0.001605 0.021431 0.157132 
0.003584 0.028446 0.159400 
0.010107 0.035669 0.162766 
0.011976 0.042119 0.162133 
0.013303 0.048480 0.161035 
0.013814 0.054705 0.159237 
0.012966 0.060706 0.156275 
0.012209 0.066722 0.153390 
0.010457 0.072573 0.149652 
0.006718 0.078090 0.144191 
0.003792 0.083735 0.139407 
-0.001522 0.088977 0.132548 
-0.011036 0.093511 0.122038 
-0.012530 0.099398 0.118498 
-0.015688 -0.024370 0.161744 
-0.008395 -0.017001 0.165836 
-0.005305 -0.010340 0.166279 
-0.002979 -0.003809 0.166057 
-0.002277 0.002449 0.164426 
-0.002243 0.008594 0.162214 
-0.001350 0.014884 0.160748 
-0.001890 0.020933 0.158038 
0.002633 0.027835 0.159725 
0.009636 0.035137 0.163501 
0.011416 0.041572 0.162790 
0.012561 0.047902 0.161536 
0.013434 0.054188 0.160049 
0.012405 0.060159 0.156932 
0.011738 0.066190 0.154126 
0.010437 0.072116 0.150777 
0.007581 0.077785 0.146092 
0.004081 0.083334 0.140811 
-0.001139 0.088593 0.134036 
-0.009702 0.093288 0.124358 
-0.024772 -0.028711 0.155881 
-0.011170 -0.020279 0.165445 
-0.006837 -0.013410 0.166964 
-0.004224 -0.006830 0.166991 
-0.002757 -0.000444 0.166023 
-0.001864 0.005846 0.164558 
-0.001831 0.011992 0.162345 
-0.001988 0.018104 0.159968 
-0.002146 0.024217 0.157590 
0.007790 0.032016 0.163920 
0.010295 0.038570 0.163828 
0.011894 0.044975 0.162961 
0.012859 0.051275 0.161551 
0.011919 0.057262 0.158513 
0.011796 0.063383 0.156173 
0.010947 0.069384 0.153213 
0.008557 0.075132 0.148934 
0.005129 0.080699 0.143735 
0.001436 0.086216 0.138289 
-0.005411 0.091202 0.130106 
-0.019783 -0.026901 0.160854 
-0.010478 -0.019195 0.166684 
-0.006621 -0.012407 0.167788 
-0.004294 -0.005876 0.167566 
-0.002827 0.000511 0.166597 
-0.002125 0.006769 0.164966 
-0.002092 0.012914 0.162754 
-0.002441 0.018995 0.160210 
-0.001357 0.025317 0.158910 
0.008162 0.033040 0.164861 
0.010306 0.039534 0.164458 
0.011724 0.045909 0.163435 
0.012326 0.052149 0.161715 
0.011295 0.058121 0.158601 
0.011171 0.064243 0.156261 
0.010412 0.070259 0.153379 
0.007931 0.075993 0.149025 
0.004486 0.081556 0.143811 
0.000504 0.087026 0.138117 
-0.006631 0.091964 0.129688 
-0.015994 -0.024823 0.164608 
-0.009555 -0.017601 0.167950 
-0.006079 -0.010877 0.168721 
-0.004134 -0.004410 0.168167 
-0.003145 0.001896 0.166784 
-0.002729 0.008106 0.164904 
-0.002314 0.014315 0.163024 
-0.002950 0.020348 0.160232 
0.000812 0.027120 0.161252 
0.008665 0.034558 0.165740 
0.009993 0.040917 0.164639 
0.011320 0.047277 0.163538 
0.011832 0.053502 0.161741 
0.010709 0.059460 0.158550 
0.010313 0.065537 0.155979 
0.009735 0.071583 0.153253 
0.007252 0.077317 0.148901 
0.003595 0.082845 0.143501 
-0.000962 0.088218 0.137311 
-0.008483 0.093093 0.128551 
-0.016568 -0.025369 0.165268 
-0.010223 -0.018163 0.168525 
-0.006555 -0.011407 0.169462 
-0.004800 -0.004972 0.168742 
-0.003141 0.001446 0.167939 
-0.002822 0.007640 0.165975 
-0.002884 0.013769 0.163681 
-0.003139 0.019866 0.161221 
-0.000427 0.026461 0.161329 
0.008104 0.034010 0.166397 
0.009613 0.040400 0.165451 
0.010941 0.046759 0.164349 
0.011180 0.052940 0.162320 
0.010511 0.058972 0.159517 
0.010023 0.065034 0.156869 
0.009354 0.071067 0.154066 
0.007051 0.076831 0.149872 
0.003503 0.082379 0.144572 
-0.000673 0.087817 0.138715 
-0.007910 0.092741 0.130206 
-0.022389 -0.027739 0.161732 
-0.011639 -0.019795 0.168797 
-0.007492 -0.012959 0.170148 
-0.005163 -0.006428 0.169924 
-0.003407 0.000006 0.169203 
-0.003183 0.006183 0.167157 
-0.003916 0.012200 0.164283 
-0.002927 0.018506 0.162900 
-0.003277 0.024587 0.160357 
0.006918 0.032417 0.166868 
0.009518 0.038984 0.166848 
0.010302 0.045254 0.165282 
0.010541 0.051435 0.163253 
0.010597 0.057586 0.161069 
0.009746 0.063589 0.158113 
0.008986 0.069607 0.155234 
0.007226 0.075461 0.151505 
0.003811 0.081035 0.146334 
0.000494 0.086618 0.141223 
-0.005884 0.091688 0.133462 
-0.023235 -0.029274 0.162504 
-0.013056 -0.021427 0.169070 
-0.008524 -0.014527 0.170751 
-0.005525 -0.007884 0.171106 
-0.004343 -0.001547 0.169888 
-0.003832 0.004679 0.168091 
-0.004566 0.010696 0.165217 
-0.003385 0.017034 0.163999 
-0.004214 0.023035 0.161043 
0.005006 0.030704 0.166722 
0.008879 0.037479 0.167781 
0.009481 0.043719 0.166061 
0.009719 0.049900 0.164032 
0.010321 0.056140 0.162312 
0.009560 0.062158 0.159433 
0.008526 0.068132 0.156324 
0.007311 0.074076 0.153059 
0.004598 0.079771 0.148510 
0.001184 0.085339 0.143317 
-0.004144 0.090586 0.136469 
-0.013683 0.095126 0.125976 
-0.015087 -0.023634 0.168985 
-0.009980 -0.016639 0.171161 
-0.006596 -0.009932 0.171847 
-0.005511 -0.003610 0.170547 
-0.003659 0.002840 0.169908 
-0.004105 0.008905 0.167283 
-0.004456 0.014987 0.164740 
-0.004232 0.021164 0.162695 
0.000961 0.028173 0.164942 
0.007473 0.035376 0.168236 
0.008438 0.041676 0.166824 
0.009586 0.048005 0.165566 
0.009824 0.054186 0.163538 
0.009699 0.060308 0.161200 
0.008301 0.066223 0.157783 
0.007448 0.072226 0.154829 
0.005595 0.078067 0.151026 
0.001836 0.083581 0.145548 
-0.002728 0.088956 0.139363 
-0.010069 0.093867 0.130778 
-0.018309 -0.026512 0.168046 
-0.012050 -0.019325 0.171214 
-0.008186 -0.012538 0.172313 
-0.005664 -0.005976 0.172253 
-0.004482 0.000362 0.171035 
-0.004450 0.006508 0.168824 
-0.005376 0.012493 0.165785 
-0.003811 0.018895 0.164898 
-0.004641 0.024896 0.161942 
0.005662 0.032736 0.168521 
0.008356 0.039316 0.168574 
0.008959 0.045557 0.166853 
0.009015 0.051708 0.164671 
0.009617 0.057949 0.162950 
0.008764 0.063953 0.159997 
0.007183 0.069838 0.156427 
0.006056 0.075798 0.153242 
0.002545 0.081359 0.148000 
-0.000680 0.086959 0.142975 
-0.006778 0.092079 0.135467 
-0.026937 -0.030765 0.162613 
-0.014736 -0.022585 0.170909 
-0.010200 -0.015687 0.172586 
-0.006718 -0.008965 0.173354 
-0.006111 -0.002723 0.171639 
-0.004546 0.003679 0.170752 
-0.004706 0.009792 0.168375 
-0.004674 0.015938 0.166164 
-0.005025 0.022019 0.163622 
0.001355 0.029219 0.166868 
0.006962 0.036271 0.169383 
0.007746 0.042541 0.167816 
0.008530 0.048811 0.166250 
0.009041 0.055037 0.164453 
0.009097 0.061188 0.162270 
0.007424 0.067060 0.158625 
0.006115 0.072990 0.155287 
0.004260 0.078832 0.151488 
0.000660 0.084371 0.146144 
-0.004003 0.089732 0.139879 
-0.011733 0.094580 0.130967 
-0.018477 -0.026022 0.169696 
-0.012406 -0.018868 0.172695 
-0.008636 -0.012098 0.173710 
-0.006207 -0.005552 0.173567 
-0.005313 0.000738 0.172100 
-0.004898 0.006947 0.170220 
-0.005825 0.012933 0.167182 
-0.004451 0.019302 0.166129 
-0.005186 0.025320 0.163256 
0.004747 0.033094 0.169501 
0.007443 0.039673 0.169550 
0.007955 0.045899 0.167752 
0.008192 0.052080 0.165724 
0.008886 0.058335 0.164081 
0.008213 0.064369 0.161283 
0.005902 0.070138 0.157101 
0.004956 0.076128 0.154072 
0.001810 0.081751 0.149147 
-0.001609 0.087320 0.143959 
-0.007520 0.092473 0.136620 
-0.025538 -0.029539 0.165451 
-0.014478 -0.021553 0.172749 
-0.010419 -0.014736 0.174011 
-0.007031 -0.008030 0.174694 
-0.006712 -0.001836 0.172731 
-0.005146 0.004565 0.171844 
-0.005114 0.010711 0.169633 
-0.005370 0.016808 0.167174 
-0.006106 0.022826 0.164302 
0.000839 0.030116 0.168022 
0.006179 0.037122 0.170299 
0.007054 0.043406 0.168809 
0.007565 0.049632 0.167011 
0.008258 0.055887 0.165368 
0.008314 0.062039 0.163186 
0.006457 0.067882 0.159390 
0.004690 0.073740 0.155671 
0.002713 0.079560 0.151763 
-0.000516 0.085162 0.146741 
-0.005279 0.090508 0.140396 
-0.013878 0.095213 0.130743 
-0.018221 -0.024989 0.171537 
-0.012530 -0.017900 0.174203 
-0.008853 -0.011147 0.175134 
-0.006903 -0.004681 0.174576 
-0.006009 0.001608 0.173109 
-0.005114 0.007898 0.171642 
-0.006425 0.013820 0.168275 
-0.005243 0.020157 0.167056 
-0.005019 0.026335 0.165010 
0.003962 0.033945 0.170419 
0.006387 0.040479 0.170234 
0.006989 0.046720 0.168514 
0.007409 0.052931 0.166639 
0.008012 0.059171 0.164919 
0.007338 0.065206 0.162123 
0.004841 0.070946 0.157791 
0.003621 0.076893 0.154534 
0.000539 0.082525 0.149660 
-0.002978 0.088079 0.144391 
-0.008991 0.093217 0.136973 
-0.022311 -0.028009 0.169858 
-0.014507 -0.020569 0.174340 
-0.010733 -0.013800 0.175353 
-0.007535 -0.007127 0.175869 
-0.007216 -0.000934 0.173906 
-0.005553 0.005484 0.173100 
-0.006098 0.011533 0.170394 
-0.005971 0.017695 0.168266 
-0.006707 0.023713 0.165394 
0.000143 0.030984 0.169021 
0.005213 0.037943 0.171061 
0.006271 0.044257 0.169724 
0.006600 0.050453 0.167773 
0.007202 0.056693 0.166052 
0.007348 0.062860 0.163948 
0.005671 0.068734 0.160309 
0.003447 0.074519 0.156209 
0.001923 0.080415 0.152688 
-0.001309 0.086017 0.147668 
-0.006459 0.091300 0.140995 
-0.016024 0.095847 0.130521 
-0.017637 -0.023430 0.173487 
-0.012422 -0.016422 0.175737 
-0.008839 -0.009685 0.176584 
-0.007368 -0.003300 0.175612 
-0.006569 0.002973 0.174063 
-0.005866 0.009231 0.172430 
-0.007563 0.015089 0.168733 
-0.006572 0.021395 0.167349 
-0.004717 0.027844 0.166708 
0.003399 0.035305 0.171352 
0.005370 0.041765 0.170781 
0.006155 0.048035 0.169214 
0.006483 0.054231 0.167263 
0.006994 0.060456 0.165466 
0.006137 0.066462 0.162518 
0.003455 0.072175 0.158037 
0.002233 0.078123 0.154783 
-0.001269 0.083683 0.149540 
-0.004694 0.089254 0.144355 
-0.011382 0.094281 0.136362 
-0.020633 -0.025795 0.172579 
-0.013976 -0.018548 0.176067 
-0.010488 -0.011828 0.176830 
-0.007864 -0.005251 0.176849 
-0.007641 0.000926 0.174804 
-0.006362 0.007280 0.173668 
-0.007291 0.013266 0.170631 
-0.006588 0.019523 0.168999 
-0.006557 0.025669 0.166789 
0.001076 0.033058 0.171047 
0.004416 0.039737 0.171624 
0.005201 0.046007 0.170056 
0.005986 0.052276 0.168489 
0.006224 0.058458 0.166461 
0.006096 0.064581 0.164128 
0.003960 0.070383 0.160109 
0.002189 0.076243 0.156396 
0.000059 0.082035 0.152346 
-0.002791 0.087702 0.147658 
-0.008906 0.092826 0.140163 
-0.028072 -0.030315 0.168372 
-0.017762 -0.022462 0.174996 
-0.012736 -0.015487 0.177079 
-0.009439 -0.008799 0.177676 
-0.007775 -0.002382 0.176869 
-0.007360 0.003828 0.174989 
-0.006753 0.010070 0.173274 
-0.008355 0.015944 0.169660 
-0.007556 0.022218 0.168111 
-0.004836 0.028810 0.168212 
0.002340 0.036113 0.172040 
0.004495 0.042601 0.171620 
0.005371 0.048885 0.170129 
0.005517 0.055052 0.168025 
0.005754 0.061234 0.165998 
0.004987 0.067255 0.163129 
0.002394 0.072984 0.158730 
0.001261 0.078947 0.155555 
-0.002157 0.084522 0.150384 
-0.005777 0.090061 0.145037 
-0.012951 0.095011 0.136634 
-0.023093 -0.026627 0.172614 
-0.015470 -0.019223 0.176922 
-0.011787 -0.012472 0.177847 
-0.008777 -0.005832 0.178194 
-0.008554 0.000346 0.176149 
-0.007370 0.006683 0.174929 
-0.007917 0.012733 0.172224 
-0.007694 0.018911 0.170179 
-0.006894 0.025184 0.168630 
-0.001567 0.032198 0.170931 
0.002964 0.039065 0.172499 
0.004388 0.045437 0.171466 
0.004991 0.051677 0.169745 
0.004954 0.057815 0.167489 
0.004916 0.063953 0.165233 
0.003783 0.069916 0.162059 
0.001005 0.075617 0.157508 
-0.000373 0.081533 0.154103 
-0.002937 0.087249 0.149665 
-0.008961 0.092392 0.142258 
-0.031255 -0.031731 0.167986 
-0.020167 -0.023756 0.175256 
-0.014272 -0.016639 0.178075 
-0.011068 -0.009968 0.178586 
-0.008634 -0.003424 0.178437 
-0.008508 0.002738 0.176310 
-0.007804 0.008995 0.174678 
-0.009313 0.014887 0.171149 
-0.008225 0.021208 0.169846 
-0.007137 0.027529 0.168544 
0.000021 0.034832 0.172370 
0.003091 0.041466 0.172713 
0.004059 0.047764 0.171297 
0.004479 0.053975 0.169423 
0.004442 0.060113 0.167168 
0.004039 0.066193 0.164606 
0.002265 0.072055 0.160898 
0.000491 0.077917 0.157190 
-0.002441 0.083575 0.152449 
-0.005103 0.089276 0.147932 
-0.012476 0.094197 0.139375 
-0.026639 -0.029051 0.172252 
-0.018721 -0.021602 0.176797 
-0.013593 -0.014614 0.178954 
-0.010677 -0.007991 0.179216 
-0.008915 -0.001559 0.178489 
-0.008789 0.004603 0.176362 
-0.008470 0.010797 0.174400 
-0.009498 0.016768 0.171285 
-0.008122 0.023137 0.170229 
-0.006264 0.029585 0.169584 
0.000382 0.036798 0.172953 
0.002997 0.043358 0.172912 
0.003874 0.049642 0.171420 
0.004019 0.055809 0.169317 
0.003798 0.061918 0.166909 
0.003212 0.067970 0.164195 
0.000706 0.073715 0.159878 
-0.000347 0.079691 0.156770 
-0.003299 0.085345 0.152007 
-0.007213 0.090840 0.146421 
-0.015552 0.095604 0.137045 
-0.024521 -0.026786 0.174372 
-0.017466 -0.019481 0.178171 
-0.013106 -0.012621 0.179666 
-0.010477 -0.006047 0.179680 
-0.009389 0.000274 0.178376 
-0.009166 0.006452 0.176332 
-0.009714 0.012503 0.173629 
-0.009395 0.018697 0.171667 
-0.007922 0.025081 0.170693 
-0.004909 0.031719 0.171035 
0.000653 0.038749 0.173458 
0.002811 0.045236 0.173034 
0.003505 0.051490 0.171389 
0.003468 0.057629 0.169134 
0.002972 0.063695 0.166497 
0.002294 0.069732 0.163708 
-0.000946 0.075362 0.158783 
-0.001494 0.081413 0.156080 
-0.004159 0.087115 0.151566 
-0.009518 0.092373 0.144748 
-0.019978 0.096790 0.133568 
-0.023307 -0.025143 0.175887 
-0.016730 -0.017919 0.179271 
-0.013235 -0.011203 0.180023 
-0.010509 -0.004613 0.180117 
-0.009517 0.001692 0.178731 
-0.009776 0.007791 0.176275 
-0.010420 0.013826 0.173491 
-0.009428 0.020131 0.172105 
-0.008339 0.026452 0.170801 
-0.004385 0.033241 0.171934 
0.000428 0.040148 0.173720 
0.002495 0.046620 0.173218 
0.003006 0.052845 0.171421 
0.002876 0.058970 0.169090 
0.002106 0.064992 0.166225 
0.001152 0.070986 0.163208 
-0.001362 0.076732 0.158889 
-0.002680 0.082657 0.155529 
-0.005346 0.088359 0.151017 
-0.011671 0.093460 0.143381 
-0.031175 -0.031135 0.171882 
-0.022573 -0.023580 0.176988 
-0.016283 -0.016405 0.180122 
-0.013364 -0.009784 0.180379 
-0.010637 -0.003195 0.180471 
-0.009837 0.003078 0.178921 
-0.010289 0.009146 0.176301 
-0.010741 0.015213 0.173682 
-0.009363 0.021581 0.172624 
-0.008756 0.027822 0.170909 
-0.004155 0.034713 0.172579 
0.000385 0.041576 0.174134 
0.001904 0.047961 0.173174 
0.002415 0.054186 0.171377 
0.002285 0.060311 0.169046 
0.001239 0.066290 0.165954 
0.000285 0.072284 0.162937 
-0.001681 0.078118 0.159077 
-0.003867 0.083900 0.154979 
-0.006824 0.089556 0.150223 
-0.014211 0.094485 0.141687 
-0.028092 -0.028712 0.174821 
-0.021028 -0.021412 0.178607 
-0.015602 -0.014381 0.180998 
-0.013260 -0.007855 0.180760 
-0.010822 -0.001314 0.180605 
-0.010600 0.004864 0.178562 
-0.010860 0.010964 0.176107 
-0.011312 0.017031 0.173489 
-0.009259 0.023510 0.173005 
-0.008941 0.029704 0.171043 
-0.003152 0.036780 0.173695 
0.000291 0.043468 0.174333 
0.001443 0.049795 0.173068 
0.001863 0.056006 0.171195 
0.001549 0.062102 0.168712 
0.000503 0.068082 0.165621 
-0.001552 0.073903 0.161692 
-0.002347 0.079919 0.158799 
-0.005016 0.085623 0.154292 
-0.008841 0.091138 0.148799 
-0.017196 0.095910 0.139447 
-0.026780 -0.027054 0.176415 
-0.020485 -0.019882 0.179541 
-0.015346 -0.012899 0.181682 
-0.013292 -0.006421 0.181198 
-0.011142 0.000072 0.180795 
-0.011403 0.006172 0.178342 
-0.011277 0.012334 0.176216 
-0.011634 0.018418 0.173680 
-0.009484 0.024912 0.173278 
-0.008876 0.031153 0.171562 
-0.003195 0.038209 0.174110 
-0.000301 0.044810 0.174290 
0.000852 0.051136 0.173025 
0.001271 0.057347 0.171151 
0.000591 0.063385 0.168365 
-0.000365 0.069380 0.165351 
-0.002985 0.075111 0.160950 
-0.003341 0.081195 0.158414 
-0.006205 0.086868 0.153744 
-0.010514 0.092305 0.147844 
-0.019644 0.096953 0.137842 
-0.025756 -0.025444 0.177762 
-0.019941 -0.018352 0.180474 
-0.015186 -0.011434 0.182285 
-0.013324 -0.004987 0.181635 
-0.011463 0.001459 0.180985 
-0.011820 0.007543 0.178450 
-0.011791 0.013689 0.176243 
-0.011569 0.019868 0.174199 
-0.009901 0.026282 0.173386 
-0.009100 0.032555 0.171834 
-0.003330 0.039623 0.174448 
-0.000985 0.046136 0.174171 
0.000260 0.052477 0.172981 
0.000588 0.058674 0.171032 
-0.000460 0.064655 0.167943 
-0.001417 0.070650 0.164929 
-0.003497 0.076465 0.160974 
-0.004337 0.082470 0.158029 
-0.007394 0.088113 0.153198 
-0.012670 0.093393 0.146481 
-0.033212 -0.030888 0.173967 
-0.024403 -0.023309 0.179215 
-0.018777 -0.016250 0.181760 
-0.014985 -0.009489 0.182748 
-0.013220 -0.003059 0.182015 
-0.012033 0.003277 0.180791 
-0.011619 0.009487 0.178912 
-0.012652 0.015460 0.175804 
-0.011272 0.021828 0.174744 
-0.009989 0.028179 0.173602 
-0.009285 0.034436 0.171968 
-0.003242 0.041544 0.174801 
-0.001171 0.048014 0.174294 
-0.000293 0.054298 0.172800 
-0.000149 0.060466 0.170699 
-0.001473 0.066403 0.167383 
-0.002522 0.072384 0.164295 
-0.003778 0.078330 0.161025 
-0.005872 0.084131 0.157016 
-0.009028 0.089759 0.152105 
-0.015850 0.094789 0.144081 
-0.030316 -0.028500 0.176732 
-0.023144 -0.021190 0.180584 
-0.017999 -0.014210 0.182716 
-0.015268 -0.007624 0.182801 
-0.013212 -0.001147 0.182313 
-0.012894 0.005048 0.180352 
-0.011900 0.011352 0.178964 
-0.013223 0.017279 0.175611 
-0.011361 0.023724 0.174960 
-0.009981 0.030091 0.173899 
-0.009084 0.036380 0.172429 
-0.003429 0.043423 0.174925 
-0.001632 0.049849 0.174189 
-0.001029 0.056089 0.172468 
-0.001069 0.062229 0.170215 
-0.002761 0.068109 0.166597 
-0.004086 0.074048 0.163282 
-0.004637 0.080100 0.160584 
-0.007215 0.085823 0.156167 
-0.010952 0.091358 0.150768 
-0.018550 0.096264 0.142094 
-0.027764 -0.025697 0.179028 
-0.021844 -0.018593 0.181812 
-0.017084 -0.011677 0.183614 
-0.015510 -0.005279 0.182716 
-0.013551 0.001182 0.182146 
-0.013426 0.007345 0.180021 
-0.013108 0.013539 0.178060 
-0.013466 0.019623 0.175526 
-0.011313 0.026116 0.175119 
-0.011188 0.032279 0.172995 
-0.008456 0.038865 0.173079 
-0.003668 0.045765 0.174834 
-0.002238 0.052134 0.173795 
-0.001635 0.058374 0.172074 
-0.002318 0.064413 0.169291 
-0.003828 0.070323 0.165826 
-0.005003 0.076281 0.162622 
-0.005844 0.082287 0.159679 
-0.008907 0.087932 0.154855 
-0.014094 0.093232 0.148231 
-0.027587 0.097183 0.134573 
-0.025886 -0.023006 0.180749 
-0.020640 -0.016012 0.182956 
-0.016651 -0.009223 0.184101 
-0.015270 -0.002856 0.183040 
-0.014276 0.003448 0.181651 
-0.013282 0.009752 0.180262 
-0.013833 0.015805 0.177566 
-0.013226 0.022046 0.175850 
-0.011265 0.028507 0.175279 
-0.011237 0.034654 0.173073 
-0.007175 0.041453 0.174269 
-0.004366 0.048036 0.174366 
-0.002845 0.054420 0.173401 
-0.002609 0.060602 0.171377 
-0.004028 0.066527 0.167989 
-0.004987 0.072523 0.164979 
-0.005534 0.078578 0.162289 
-0.007922 0.084334 0.158039 
-0.010889 0.089995 0.153299 
-0.017528 0.095062 0.145454 
-0.031477 -0.027667 0.178383 
-0.024296 -0.020362 0.182221 
-0.019531 -0.013448 0.184017 
-0.016700 -0.006847 0.184180 
-0.015319 -0.000480 0.183118 
-0.014712 0.005761 0.181402 
-0.013620 0.012080 0.180095 
-0.014559 0.018071 0.177072 
-0.013082 0.024453 0.176091 
-0.011797 0.030804 0.174947 
-0.010899 0.037092 0.173477 
-0.007415 0.043796 0.174181 
-0.004514 0.050394 0.174352 
-0.003543 0.056691 0.172933 
-0.003952 0.062773 0.170378 
-0.005187 0.068727 0.167143 
-0.005803 0.074774 0.164407 
-0.006452 0.080812 0.161630 
-0.009228 0.086506 0.157056 
-0.013453 0.091965 0.151256 
-0.021062 0.096876 0.142598 
-0.029018 -0.024882 0.180592 
-0.023091 -0.017781 0.183365 
-0.018712 -0.010931 0.184832 
-0.016943 -0.004502 0.184095 
-0.015755 0.001833 0.182869 
-0.015051 0.008090 0.181235 
-0.014733 0.014284 0.179274 
-0.014899 0.020400 0.176905 
-0.012937 0.026860 0.176332 
-0.012523 0.033070 0.174453 
-0.011335 0.039405 0.173227 
-0.007380 0.046182 0.174320 
-0.005121 0.052679 0.173959 
-0.004334 0.058948 0.172389 
-0.005755 0.064874 0.169003 
-0.005888 0.070999 0.166676 
-0.006528 0.077040 0.163911 
-0.008144 0.082922 0.160319 
-0.011018 0.088601 0.155665 
-0.016309 0.093889 0.148971 
-0.035349 -0.029186 0.177443 
-0.026807 -0.021666 0.182414 
-0.021846 -0.014723 0.184368 
-0.018238 -0.007998 0.185180 
-0.016953 -0.001647 0.184035 
-0.015765 0.004687 0.182808 
-0.014964 0.010960 0.181256 
-0.015323 0.017045 0.178724 
-0.014619 0.023302 0.177090 
-0.013043 0.029699 0.176190 
-0.011855 0.036034 0.174963 
-0.011828 0.042181 0.172758 
-0.007213 0.049062 0.174395 
-0.005782 0.055430 0.173353 
-0.005731 0.061584 0.171178 
-0.006692 0.067582 0.168172 
-0.006757 0.073715 0.165891 
-0.007310 0.079769 0.163197 
-0.010088 0.085464 0.158627 
-0.013641 0.091035 0.153404 
-0.020870 0.096012 0.145083 
-0.032017 -0.026262 0.180384 
-0.025505 -0.019070 0.183639 
-0.020929 -0.012190 0.185263 
-0.018288 -0.005622 0.185258 
-0.016809 0.000759 0.184276 
-0.016395 0.006969 0.182397 
-0.015690 0.013226 0.180763 
-0.016147 0.019296 0.178150 
-0.014861 0.025646 0.177005 
-0.013770 0.031965 0.175696 
-0.012387 0.038331 0.174632 
-0.011876 0.044557 0.172835 
-0.007914 0.051334 0.173929 
-0.006850 0.057645 0.172584 
-0.008020 0.063607 0.169398 
-0.007025 0.069911 0.168008 
-0.007385 0.075996 0.165477 
-0.008907 0.081895 0.161969 
-0.011590 0.087606 0.157482 
-0.016596 0.092944 0.151041 
-0.028862 0.097113 0.138488 
-0.029942 -0.023541 0.182261 
-0.024395 -0.016506 0.184698 
-0.020301 -0.009705 0.185913 
-0.018047 -0.003200 0.185581 
-0.016955 0.003119 0.184272 
-0.016637 0.009314 0.182312 
-0.016417 0.015493 0.180270 
-0.016486 0.021625 0.177984 
-0.014620 0.028068 0.177327 
-0.013431 0.034403 0.176099 
-0.013017 0.040613 0.174221 
-0.012312 0.046870 0.172585 
-0.008707 0.053592 0.173388 
-0.008578 0.059757 0.171271 
-0.008648 0.065889 0.168985 
-0.007460 0.072223 0.167758 
-0.008207 0.078247 0.164901 
-0.010892 0.083959 0.160417 
-0.014060 0.089593 0.155526 
-0.019650 0.094839 0.148599 
-0.035796 -0.027764 0.179531 
-0.028018 -0.020373 0.183835 
-0.023245 -0.013464 0.185617 
-0.019924 -0.006788 0.186179 
-0.018057 -0.000345 0.185521 
-0.017158 0.005943 0.184048 
-0.016840 0.012137 0.182088 
-0.016911 0.018270 0.179803 
-0.016497 0.024480 0.177924 
-0.015017 0.030861 0.176940 
-0.013537 0.037242 0.175956 
-0.013317 0.043421 0.173915 
-0.012418 0.049708 0.172443 
-0.011907 0.055934 0.170645 
-0.010814 0.062253 0.169336 
-0.008463 0.068774 0.169085 
-0.008339 0.074937 0.166961 
-0.009765 0.080852 0.163537 
-0.012355 0.086581 0.159137 
-0.016494 0.092060 0.153434 
-0.024896 0.096857 0.144152 
-0.031702 -0.023775 0.182756 
-0.025957 -0.016712 0.185348 
-0.021957 -0.009928 0.186478 
-0.019216 -0.003346 0.186550 
-0.018027 0.002988 0.185322 
-0.018194 0.009105 0.182955 
-0.017489 0.015362 0.181320 
-0.017753 0.021463 0.178872 
-0.016273 0.027844 0.177888 
-0.014793 0.034225 0.176903 
-0.014185 0.040466 0.175187 
-0.013771 0.046676 0.173308 
-0.012775 0.052979 0.171918 
-0.012070 0.059236 0.170283 
-0.010396 0.065648 0.169461 
-0.008625 0.072075 0.168720 
-0.009471 0.078083 0.165785 
-0.011964 0.083828 0.161467 
-0.015233 0.089449 0.156500 
-0.020635 0.094728 0.149743 
-0.035310 -0.026219 0.181405 
-0.028399 -0.018971 0.184969 
-0.023815 -0.012095 0.186582 
-0.020783 -0.005466 0.186897 
-0.019108 0.000945 0.186074 
-0.018403 0.007202 0.184439 
-0.018474 0.013335 0.182154 
-0.018254 0.019514 0.180114 
-0.017646 0.025755 0.178397 
-0.016068 0.032151 0.177494 
-0.014490 0.038547 0.176590 
-0.014173 0.044742 0.174630 
-0.013662 0.050967 0.172833 
-0.012957 0.057224 0.171197 
-0.012252 0.063480 0.169562 
-0.009802 0.070016 0.169390 
-0.009775 0.076164 0.167186 
-0.011688 0.082002 0.163358 
-0.014474 0.087701 0.158798 
-0.019102 0.093106 0.152696 
-0.031294 0.097302 0.140258 
-0.030939 -0.021244 0.184510 
-0.025578 -0.014245 0.186771 
-0.022350 -0.007586 0.187246 
-0.020093 -0.001082 0.186909 
-0.019097 0.005221 0.185518 
-0.019265 0.011338 0.183152 
-0.018366 0.017626 0.181680 
-0.018921 0.023681 0.178989 
-0.017150 0.030108 0.178247 
-0.015571 0.036504 0.177342 
-0.014963 0.042745 0.175626 
-0.014258 0.049001 0.173991 
-0.013650 0.055242 0.172274 
-0.013042 0.061483 0.170558 
-0.011367 0.067895 0.169735 
-0.010274 0.074213 0.168424 
-0.011703 0.080129 0.165004 
-0.014296 0.085860 0.160609 
-0.017859 0.091436 0.155403 
-0.025206 0.096408 0.147031 
-0.033442 -0.023037 0.183915 
-0.027593 -0.015962 0.186578 
-0.023782 -0.009211 0.187539 
-0.021233 -0.002661 0.187444 
-0.019945 0.003688 0.186295 
-0.020113 0.009805 0.183930 
-0.019020 0.016124 0.182619 
-0.019868 0.022133 0.179687 
-0.018289 0.028529 0.178781 
-0.016904 0.034893 0.177714 
-0.015811 0.041212 0.176403 
-0.014815 0.047515 0.175011 
-0.014304 0.053740 0.173214 
-0.013502 0.060012 0.171660 
-0.012991 0.066238 0.169862 
-0.011218 0.072664 0.169119 
-0.011871 0.078704 0.166349 
-0.014660 0.084405 0.161794 
-0.017546 0.090089 0.157158 
-0.023052 0.095357 0.150332 
-0.035907 -0.024351 0.183185 
-0.029279 -0.017153 0.186493 
-0.024787 -0.010295 0.188018 
-0.022334 -0.003761 0.187841 
-0.020851 0.002619 0.186854 
-0.020632 0.008798 0.184814 
-0.019927 0.015055 0.183179 
-0.020387 0.021126 0.180571 
-0.019487 0.027413 0.179098 
-0.018005 0.033793 0.178110 
-0.016426 0.040188 0.177205 
-0.015721 0.046445 0.175569 
-0.014821 0.052732 0.174096 
-0.013922 0.059019 0.172623 
-0.014382 0.065091 0.170015 
-0.012317 0.071563 0.169514 
-0.012389 0.077696 0.167230 
-0.015276 0.083382 0.162597 
-0.017581 0.089160 0.158449 
-0.022507 0.094522 0.152114 
-0.038723 -0.025246 0.181996 
-0.030538 -0.017803 0.186595 
-0.025558 -0.010869 0.188522 
-0.023299 -0.004366 0.188182 
-0.021719 0.002028 0.187275 
-0.021111 0.008270 0.185559 
-0.020794 0.014464 0.183599 
-0.020672 0.020628 0.181479 
-0.020549 0.026792 0.179357 
-0.018873 0.033203 0.178532 
-0.017099 0.039629 0.177787 
-0.016491 0.045870 0.176070 
-0.015300 0.052203 0.174840 
-0.014400 0.058490 0.173366 
-0.015249 0.064500 0.170435 
-0.013280 0.070957 0.169852 
-0.013255 0.077105 0.167650 
-0.015949 0.082823 0.163180 
-0.017867 0.088663 0.159359 
-0.022699 0.094042 0.153108 
-0.039325 -0.024844 0.182312 
-0.030942 -0.017373 0.187068 
-0.025960 -0.010439 0.188993 
-0.023894 -0.003968 0.188489 
-0.022411 0.002412 0.187501 
-0.021803 0.008653 0.185785 
-0.021292 0.014878 0.183988 
-0.021559 0.020981 0.181543 
-0.021242 0.027176 0.179584 
-0.019467 0.033601 0.178838 
-0.017693 0.040027 0.178093 
-0.016793 0.046314 0.176619 
-0.015699 0.052632 0.175307 
-0.014896 0.058904 0.173752 
-0.015843 0.064898 0.170741 
-0.014166 0.071308 0.169914 
-0.014238 0.077442 0.167632 
-0.016545 0.083221 0.163488 
-0.018658 0.089032 0.159506 
-0.023589 0.094396 0.153177 
-0.039401 -0.023887 0.182895 
-0.030820 -0.016386 0.187808 
-0.026128 -0.009500 0.189487 
-0.024353 -0.003075 0.188740 
-0.022967 0.003289 0.187671 
-0.022456 0.009515 0.185873 
-0.021751 0.015771 0.184237 
-0.022504 0.021797 0.181389 
-0.021604 0.028084 0.179915 
-0.020023 0.034478 0.179007 
-0.018248 0.040904 0.178261 
-0.017057 0.047237 0.177029 
-0.015864 0.053570 0.175797 
-0.015548 0.059765 0.173838 
-0.016495 0.065760 0.170828 
-0.015206 0.072109 0.169678 
-0.015182 0.078258 0.167476 
-0.017101 0.084099 0.163657 
-0.019701 0.089833 0.159273 
-0.025023 0.095137 0.152624 
-0.035663 -0.020910 0.186133 
-0.029024 -0.013718 0.189424 
-0.026373 -0.007155 0.189404 
-0.024403 -0.000699 0.188818 
-0.023405 0.005603 0.187425 
-0.023478 0.011737 0.185143 
-0.022189 0.018085 0.183992 
-0.023331 0.024050 0.180821 
-0.021556 0.030475 0.180074 
-0.019975 0.036869 0.179165 
-0.018491 0.043248 0.178175 
-0.017202 0.049597 0.177024 
-0.016107 0.055914 0.175712 
-0.016374 0.062017 0.173268 
-0.017128 0.068044 0.170421 
-0.015935 0.074376 0.169188 
-0.016786 0.080387 0.166260 
-0.018123 0.086322 0.162928 
-0.022281 0.091811 0.157253 
-0.045140 -0.025688 0.180449 
-0.033341 -0.017685 0.188015 
-0.027089 -0.010556 0.190980 
-0.026091 -0.004254 0.189587 
-0.024705 0.002110 0.188516 
-0.023804 0.008397 0.187041 
-0.023391 0.014607 0.185164 
-0.023269 0.020771 0.183043 
-0.023341 0.026905 0.180761 
-0.021857 0.033284 0.179771 
-0.019887 0.039739 0.179185 
-0.018597 0.046087 0.178033 
-0.017210 0.052451 0.176962 
-0.016602 0.058692 0.175246 
-0.017161 0.064749 0.172560 
-0.017818 0.070790 0.169794 
-0.017112 0.077047 0.168158 
-0.017964 0.083058 0.165231 
-0.020080 0.088870 0.161254 
-0.025310 0.094192 0.154694 
-0.037720 -0.021188 0.186393 
-0.030005 -0.013830 0.190564 
-0.027352 -0.007268 0.190541 
-0.025867 -0.000890 0.189550 
-0.025065 0.005382 0.187995 
-0.024748 0.011577 0.186036 
-0.023750 0.017879 0.184642 
-0.024602 0.023891 0.181716 
-0.023215 0.030254 0.180644 
-0.021535 0.036663 0.179814 
-0.019953 0.043057 0.178904 
-0.018372 0.049451 0.177994 
-0.017179 0.055783 0.176761 
-0.017350 0.061902 0.174399 
-0.018104 0.067929 0.171553 
-0.017885 0.074108 0.169514 
-0.018347 0.080181 0.166909 
-0.019199 0.086192 0.163983 
-0.023458 0.091669 0.158233 
-0.043329 -0.024408 0.183589 
-0.033858 -0.016777 0.189206 
-0.027406 -0.009620 0.192325 
-0.027187 -0.003440 0.190286 
-0.026188 0.002862 0.188891 
-0.025483 0.009118 0.187255 
-0.024777 0.015374 0.185619 
-0.024850 0.021508 0.183338 
-0.024632 0.027688 0.181299 
-0.023341 0.034036 0.180146 
-0.021174 0.040521 0.179718 
-0.019689 0.046899 0.178727 
-0.018204 0.053278 0.177736 
-0.017693 0.059503 0.175938 
-0.018058 0.065591 0.173415 
-0.019106 0.071573 0.170328 
-0.018789 0.077768 0.168370 
-0.019447 0.083810 0.165606 
-0.021858 0.089577 0.161390 
-0.027483 0.094841 0.154515 
-0.037421 -0.019677 0.188094 
-0.022781 -0.011240 0.197973 
-0.027824 -0.005884 0.191586 
-0.027215 0.000357 0.189868 
-0.026510 0.006613 0.188232 
-0.025999 0.012839 0.186435 
-0.025293 0.019095 0.184799 
-0.025853 0.025153 0.182115 
-0.024563 0.031501 0.180962 
-0.022688 0.037940 0.180292 
-0.021008 0.044348 0.179461 
-0.019424 0.050742 0.178550 
-0.018523 0.057028 0.177074 
-0.018305 0.063208 0.175035 
-0.019353 0.069190 0.171949 
-0.019134 0.075369 0.169910 
-0.019889 0.081397 0.167066 
-0.021035 0.087363 0.163899 
-0.025786 0.092765 0.157754 
-0.041006 -0.021633 0.186629 
-0.022753 -0.012636 0.199476 
-0.024191 -0.006715 0.196069 
-0.027872 -0.001144 0.190811 
-0.027556 0.005051 0.188853 
-0.027045 0.011277 0.187056 
-0.026241 0.017548 0.185500 
-0.026510 0.023652 0.183059 
-0.025707 0.029923 0.181503 
-0.024415 0.036271 0.180349 
-0.022150 0.042770 0.180000 
-0.020371 0.049194 0.179248 
-0.019276 0.055511 0.177934 
-0.018862 0.061721 0.176056 
-0.019326 0.067795 0.173454 
-0.020082 0.073822 0.170610 
-0.020253 0.079941 0.168250 
-0.021302 0.085923 0.165165 
-0.025080 0.091479 0.159827 
-0.044593 -0.023587 0.185167 
-0.023211 -0.014108 0.200575 
-0.021043 -0.007623 0.200145 
-0.028138 -0.002584 0.192076 
-0.028407 0.003520 0.189635 
-0.028091 0.009715 0.187677 
-0.027190 0.016002 0.186202 
-0.027167 0.022151 0.184002 
-0.027046 0.028316 0.181883 
-0.025852 0.034648 0.180648 
-0.023293 0.041193 0.180539 
-0.021612 0.047601 0.179707 
-0.020125 0.053979 0.178713 
-0.019517 0.060220 0.176997 
-0.019591 0.066354 0.174717 
-0.020835 0.072306 0.171472 
-0.020811 0.078455 0.169272 
-0.021763 0.084453 0.166269 
-0.024470 0.090176 0.161818 
-0.033712 0.094881 0.151981 
-0.024042 -0.016583 0.201711 
-0.022067 -0.010129 0.201119 
-0.021361 -0.003873 0.199482 
-0.028752 0.001122 0.191177 
-0.029022 0.007226 0.188737 
-0.028413 0.013467 0.187020 
-0.028000 0.019677 0.185142 
-0.028074 0.025812 0.182862 
-0.027173 0.032098 0.181387 
-0.025003 0.038582 0.180955 
-0.023126 0.045020 0.180282 
-0.021347 0.051443 0.179529 
-0.020445 0.057730 0.178053 
-0.019739 0.063986 0.176416 
-0.020887 0.069953 0.173253 
-0.021156 0.076057 0.170813 
-0.022108 0.082055 0.167810 
-0.023744 0.087946 0.164246 
-0.028696 0.093322 0.157949 
-0.024774 -0.019043 0.202926 
-0.023189 -0.012651 0.202012 
-0.020392 -0.006077 0.202070 
-0.025778 -0.000761 0.195447 
-0.029757 0.004768 0.189957 
-0.029442 0.010963 0.187999 
-0.029126 0.017158 0.186041 
-0.028712 0.023369 0.184163 
-0.028592 0.029534 0.182045 
-0.027202 0.035896 0.180970 
-0.024544 0.042455 0.180939 
-0.022764 0.048878 0.180185 
-0.021471 0.055224 0.179029 
-0.020472 0.061526 0.177633 
-0.020840 0.067615 0.175114 
-0.021988 0.073583 0.171952 
-0.022551 0.079642 0.169271 
-0.023797 0.085594 0.166029 
-0.026800 0.091274 0.161342 
-0.027597 -0.022300 0.202596 
-0.023668 -0.015544 0.203606 
-0.020785 -0.008960 0.203725 
-0.020553 -0.002776 0.201705 
-0.029360 0.002012 0.192278 
-0.030314 0.008011 0.189278 
-0.030194 0.014175 0.187159 
-0.029585 0.020416 0.185442 
-0.029758 0.026536 0.183084 
-0.028660 0.032852 0.181767 
-0.026587 0.039320 0.181253 
-0.024513 0.045788 0.180739 
-0.022635 0.052226 0.180065 
-0.021636 0.058527 0.178668 
-0.021223 0.064738 0.176791 
-0.022079 0.070751 0.173870 
-0.022739 0.076795 0.171110 
-0.023791 0.082778 0.168029 
-0.025428 0.088671 0.164467 
-0.031264 0.093912 0.157456 
-0.024634 -0.018514 0.204799 
-0.023244 -0.012152 0.203723 
-0.020017 -0.005521 0.204102 
-0.022808 0.000208 0.199647 
-0.030504 0.005164 0.191118 
-0.031067 0.011223 0.188438 
-0.030849 0.017403 0.186401 
-0.030338 0.023629 0.184603 
-0.030120 0.029809 0.182566 
-0.028925 0.036141 0.181329 
-0.026167 0.042714 0.181375 
-0.024386 0.049136 0.180619 
-0.022800 0.055528 0.179704 
-0.021800 0.061829 0.178307 
-0.022071 0.067934 0.175869 
-0.023221 0.073903 0.172709 
-0.023784 0.079962 0.170030 
-0.025325 0.085870 0.166549 
-0.028819 0.091476 0.161465 
-0.026970 -0.021694 0.204872 
-0.023722 -0.015046 0.205317 
-0.020689 -0.008446 0.205533 
-0.020178 -0.002220 0.203736 
-0.029030 0.002574 0.194318 
-0.031158 0.008392 0.190358 
-0.031722 0.014451 0.187680 
-0.031406 0.020647 0.185722 
-0.031482 0.026782 0.183445 
-0.030287 0.033113 0.182208 
-0.028603 0.039520 0.181371 
-0.026039 0.046063 0.181256 
-0.024160 0.052499 0.180579 
-0.022965 0.058831 0.179343 
-0.022551 0.065041 0.177465 
-0.023311 0.071071 0.174627 
-0.024168 0.077085 0.171709 
-0.025221 0.083069 0.168630 
-0.027056 0.088932 0.164910 
-0.047924 -0.028218 0.189881 
-0.024826 -0.018510 0.206568 
-0.023169 -0.012111 0.205695 
-0.020424 -0.005555 0.205676 
-0.021868 0.000381 0.202322 
-0.030506 0.005202 0.193056 
-0.032439 0.011050 0.189258 
-0.032711 0.017156 0.186821 
-0.031906 0.023426 0.185263 
-0.031982 0.029562 0.182986 
-0.030786 0.035893 0.181749 
-0.027929 0.042480 0.181872 
-0.025951 0.048932 0.181275 
-0.024169 0.055354 0.180518 
-0.023266 0.061639 0.179040 
-0.023342 0.067774 0.176762 
-0.024396 0.073759 0.173685 
-0.024960 0.079819 0.171007 
-0.026795 0.085682 0.167289 
-0.030294 0.091290 0.162211 
-0.027788 -0.022259 0.206300 
-0.024068 -0.015542 0.207118 
-0.021322 -0.008986 0.207098 
-0.020251 -0.002679 0.205744 
-0.025353 0.002704 0.199430 
-0.030907 0.007996 0.192676 
-0.033330 0.013770 0.188479 
-0.033211 0.019936 0.186363 
-0.033091 0.026101 0.184245 
-0.032189 0.032387 0.182768 
-0.030993 0.038718 0.181530 
-0.027742 0.045365 0.181971 
-0.025862 0.051801 0.181293 
-0.024666 0.058132 0.180056 
-0.023959 0.064388 0.178418 
-0.024524 0.070448 0.175741 
-0.025579 0.076433 0.172664 
-0.026241 0.082478 0.169907 
-0.028469 0.088282 0.165871 
-0.047938 -0.028174 0.191836 
-0.025407 -0.018566 0.208015 
-0.023857 -0.012186 0.207049 
-0.020551 -0.005549 0.207471 
-0.021344 0.000485 0.204637 
-0.030018 0.005314 0.195392 
-0.032932 0.011014 0.190799 
-0.034574 0.016908 0.187243 
-0.033574 0.023209 0.185846 
-0.033552 0.029360 0.183648 
-0.032747 0.035630 0.182091 
-0.029790 0.042232 0.182291 
-0.027713 0.048698 0.181772 
-0.025831 0.055134 0.181093 
-0.024733 0.061450 0.179775 
-0.024907 0.067570 0.177418 
-0.025766 0.073585 0.174502 
-0.026234 0.079661 0.171906 
-0.028169 0.085510 0.168111 
-0.031964 0.091075 0.162798 
-0.028039 -0.021790 0.207851 
-0.024530 -0.015110 0.208481 
-0.021781 -0.008556 0.208458 
-0.020618 -0.002235 0.207178 
-0.025015 0.003262 0.201460 
-0.030869 0.008512 0.194473 
-0.034861 0.014047 0.189004 
-0.035035 0.020168 0.186648 
-0.034524 0.026393 0.184850 
-0.034013 0.032619 0.183053 
-0.032523 0.038994 0.182053 
-0.029564 0.045595 0.182252 
-0.027291 0.052091 0.181892 
-0.026095 0.058422 0.180653 
-0.025388 0.064678 0.179015 
-0.025954 0.070738 0.176340 
-0.026715 0.076768 0.173504 
-0.027575 0.082784 0.170589 
-0.030686 0.088454 0.165838 
-0.031710 -0.024700 0.206674 
-0.025630 -0.017624 0.209406 
-0.023906 -0.011221 0.208569 
-0.020970 -0.004640 0.208692 
-0.021951 0.001367 0.205713 
-0.030134 0.006278 0.196890 
-0.033542 0.011904 0.191902 
-0.036458 0.017605 0.187312 
-0.035262 0.023936 0.186073 
-0.034947 0.030131 0.184116 
-0.034436 0.036357 0.182319 
-0.031378 0.042972 0.182595 
-0.028907 0.049498 0.182393 
-0.027515 0.055858 0.181313 
-0.026220 0.062204 0.180154 
-0.026689 0.068279 0.177560 
-0.027157 0.074355 0.174964 
-0.027723 0.080416 0.172289 
-0.030053 0.086207 0.168179 
-0.034930 0.091608 0.161994 
-0.027288 -0.019751 0.209703 
-0.025247 -0.013297 0.209134 
-0.021750 -0.006634 0.209698 
-0.021518 -0.000450 0.207679 
-0.028184 0.004702 0.200123 
-0.031985 0.010269 0.194818 
-0.036569 0.015717 0.188876 
-0.036646 0.021852 0.186600 
-0.035841 0.028123 0.185042 
-0.035918 0.034259 0.182766 
-0.033447 0.040784 0.182563 
-0.030584 0.047368 0.182678 
-0.028505 0.053833 0.182156 
-0.027308 0.060164 0.180917 
-0.027091 0.066345 0.178881 
-0.027560 0.072421 0.176286 
-0.028322 0.078451 0.173452 
-0.029575 0.084408 0.170220 
-0.033964 0.089885 0.164438 
-0.029020 -0.021418 0.209766 
-0.025708 -0.014771 0.210225 
-0.022863 -0.008205 0.210272 
-0.021605 -0.001870 0.209064 
-0.024922 0.003797 0.204243 
-0.031269 0.008978 0.196877 
-0.035562 0.014471 0.191177 
-0.037991 0.020248 0.186990 
-0.036696 0.026593 0.185830 
-0.037067 0.032684 0.183316 
-0.035282 0.039104 0.182554 
-0.032026 0.045748 0.182986 
-0.029652 0.052258 0.182702 
-0.028357 0.058603 0.181541 
-0.027747 0.064844 0.179824 
-0.028119 0.070935 0.177310 
-0.028784 0.076981 0.174556 
-0.029744 0.082983 0.171565 
-0.033743 0.088521 0.166104 
-0.030086 -0.022037 0.210032 
-0.026278 -0.015315 0.210892 
-0.023618 -0.008776 0.210789 
-0.021986 -0.002387 0.209876 
-0.024464 0.003403 0.205721 
-0.031258 0.008524 0.198020 
-0.035259 0.014063 0.192562 
-0.039357 0.019587 0.187025 
-0.037669 0.025992 0.186182 
-0.038041 0.032083 0.183669 
-0.036745 0.038428 0.182508 
-0.033390 0.045087 0.183018 
-0.030819 0.051626 0.182892 
-0.029524 0.057971 0.181732 
-0.028620 0.064256 0.180252 
-0.028992 0.070347 0.177738 
-0.029461 0.076424 0.175145 
-0.030519 0.082410 0.172075 
-0.034422 0.087964 0.166696 
-0.030917 -0.022147 0.210318 
-0.026715 -0.015366 0.211495 
-0.024054 -0.008828 0.211391 
-0.022329 -0.002425 0.210551 
-0.024714 0.003379 0.206471 
-0.031404 0.008519 0.198866 
-0.035308 0.014074 0.193491 
-0.040390 0.019450 0.187161 
-0.038506 0.025885 0.186477 
-0.039270 0.031917 0.183646 
-0.037974 0.038261 0.182484 
-0.034519 0.044934 0.183072 
-0.031751 0.051502 0.183104 
-0.030455 0.057847 0.181942 
-0.029552 0.064132 0.180464 
-0.029825 0.070239 0.178030 
-0.030198 0.076330 0.175517 
-0.031452 0.082287 0.172288 
-0.035357 0.087843 0.166913 
-0.031022 -0.021674 0.211023 
-0.027112 -0.014938 0.211959 
-0.024357 -0.008387 0.211928 
-0.022724 -0.001998 0.211013 
-0.025392 0.003766 0.206714 
-0.031804 0.008948 0.199335 
-0.035809 0.014490 0.193883 
-0.041482 0.019778 0.187080 
-0.039400 0.026241 0.186554 
-0.040558 0.032214 0.183406 
-0.039458 0.038529 0.182086 
-0.035609 0.045260 0.182989 
-0.032742 0.051843 0.183099 
-0.031152 0.058233 0.182176 
-0.030543 0.064473 0.180458 
-0.030522 0.070624 0.178263 
-0.030993 0.076701 0.175670 
-0.032543 0.082614 0.172205 
-0.037137 0.088066 0.166276 
-0.030695 -0.020662 0.211908 
-0.027284 -0.014004 0.212433 
-0.024341 -0.007426 0.212547 
-0.023268 -0.001120 0.211190 
-0.026980 0.004493 0.206067 
-0.032264 0.009842 0.199587 
-0.036761 0.015310 0.193740 
-0.042438 0.020599 0.186942 
-0.040257 0.027077 0.186494 
-0.041809 0.032991 0.183030 
-0.040217 0.039380 0.182105 
-0.036465 0.046096 0.182927 
-0.033401 0.052708 0.183194 
-0.031711 0.059112 0.182349 
-0.031495 0.065293 0.180314 
-0.031180 0.071489 0.178358 
-0.032142 0.077491 0.175369 
-0.033792 0.083390 0.171826 
-0.040646 0.088501 0.164074 
-0.030235 -0.019156 0.212737 
-0.026579 -0.012468 0.213433 
-0.024290 -0.005985 0.213032 
-0.024059 0.000200 0.211014 
-0.029173 0.005599 0.204754 
-0.033083 0.011156 0.199386 
-0.038172 0.016536 0.193067 
-0.043163 0.021931 0.186827 
-0.041571 0.028319 0.185902 
-0.043811 0.034130 0.181884 
-0.040942 0.040711 0.181990 
-0.036992 0.047456 0.182969 
-0.034123 0.054038 0.183076 
-0.032531 0.060427 0.182151 
-0.032610 0.066564 0.179878 
-0.032000 0.072804 0.178159 
-0.033749 0.078688 0.174538 
-0.035792 0.084528 0.170678 
-0.047151 -0.025945 0.201588 
-0.029538 -0.017141 0.213585 
-0.025928 -0.010467 0.214221 
-0.024387 -0.004093 0.213231 
-0.025280 0.001930 0.210333 
-0.031819 0.007110 0.202907 
-0.034748 0.012816 0.198335 
-0.040625 0.018079 0.191384 
-0.043948 0.023727 0.186495 
-0.043044 0.030011 0.185015 
-0.045186 0.035837 0.181077 
-0.041727 0.042507 0.181658 
-0.037186 0.049340 0.183111 
-0.034512 0.055892 0.183057 
-0.033510 0.062192 0.181657 
-0.033293 0.068373 0.179621 
-0.033274 0.074524 0.177428 
-0.035613 0.080320 0.173331 
-0.038542 0.086027 0.168759 
-0.032676 -0.020433 0.213042 
-0.027729 -0.013552 0.214777 
-0.025626 -0.007097 0.214227 
-0.024834 -0.000831 0.212649 
-0.028566 0.004780 0.207516 
-0.033561 0.010177 0.201282 
-0.037869 0.015677 0.195603 
-0.045125 0.020733 0.187546 
-0.044024 0.027048 0.186224 
-0.045972 0.032903 0.182447 
-0.045854 0.039070 0.180332 
-0.041115 0.045932 0.181942 
-0.036965 0.052705 0.183075 
-0.034979 0.059153 0.182466 
-0.034567 0.065364 0.180590 
-0.033957 0.071604 0.178871 
-0.034921 0.077607 0.175885 
-0.038147 0.083271 0.171078 
-0.036523 -0.022885 0.211591 
-0.029735 -0.015719 0.214837 
-0.026038 -0.009035 0.215532 
-0.025339 -0.002783 0.213881 
-0.027358 0.003079 0.210105 
-0.033378 0.008332 0.203080 
-0.036703 0.013981 0.198195 
-0.043275 0.019142 0.190697 
-0.046206 0.024850 0.186129 
-0.046581 0.030943 0.183619 
-0.047938 0.036887 0.180317 
-0.044476 0.043556 0.180895 
-0.039342 0.050477 0.182818 
-0.036864 0.056998 0.182604 
-0.035664 0.063327 0.181361 
-0.035055 0.069568 0.179643 
-0.035428 0.075660 0.177132 
-0.038361 0.081368 0.172565 
-0.050273 -0.026348 0.202016 
-0.031753 -0.017421 0.214696 
-0.026878 -0.010562 0.216333 
-0.025992 -0.004283 0.214829 
-0.026981 0.001728 0.211859 
-0.033055 0.006979 0.204817 
-0.035988 0.012688 0.200251 
-0.041087 0.018072 0.193944 
-0.048055 0.023176 0.186133 
-0.047347 0.029431 0.184494 
-0.049395 0.035273 0.180640 
-0.046915 0.041794 0.180425 
-0.042173 0.048654 0.182029 
-0.038513 0.055352 0.182764 
-0.036820 0.061755 0.181916 
-0.036211 0.067995 0.180197 
-0.036487 0.074103 0.177767 
-0.038338 0.079974 0.174071 
-0.052004 -0.026585 0.201606 
-0.032493 -0.017514 0.215068 
-0.027320 -0.010612 0.216940 
-0.026434 -0.004332 0.215435 
-0.027611 0.001651 0.212320 
-0.033500 0.006931 0.205428 
-0.036435 0.012641 0.200863 
-0.041437 0.018041 0.194638 
-0.049196 0.023028 0.186199 
-0.048881 0.029224 0.184244 
-0.052407 0.034845 0.179205 
-0.048312 0.042080 0.180115 
-0.043174 0.048999 0.182034 
-0.039710 0.055667 0.182608 
-0.037820 0.062099 0.181917 
-0.037506 0.068295 0.179963 
-0.037487 0.074447 0.177769 
-0.039733 0.080260 0.173759 
-0.047768 -0.024037 0.205307 
-0.031118 -0.015401 0.216449 
-0.027041 -0.008666 0.217432 
-0.027187 -0.002534 0.215123 
-0.029398 0.003303 0.211203 
-0.035167 0.008592 0.204379 
-0.038497 0.014244 0.199500 
-0.044585 0.019483 0.192409 
-0.050672 0.024722 0.185318 
-0.050556 0.030889 0.183205 
-0.048174 0.044489 0.180361 
-0.043231 0.051377 0.182118 
-0.040060 0.058000 0.182454 
-0.039057 0.064299 0.181051 
-0.038743 0.070496 0.179097 
-0.039118 0.076589 0.176588 
-0.044517 0.081931 0.170050 
-0.034996 -0.018326 0.215160 
-0.028618 -0.011244 0.217998 
-0.027262 -0.004898 0.216858 
-0.028535 0.001073 0.213672 
-0.034232 0.006385 0.206944 
-0.037170 0.012096 0.202383 
-0.041684 0.017572 0.196559 
-0.051322 0.022283 0.186630 
-0.052190 0.028302 0.183727 
-0.046736 0.048510 0.181138 
-0.042480 0.055295 0.182340 
-0.040392 0.061756 0.181806 
-0.040079 0.067952 0.179851 
-0.040060 0.074104 0.177658 
-0.043588 0.079726 0.172624 
-0.039442 -0.020863 0.213246 
-0.030626 -0.013410 0.218061 
-0.027673 -0.006836 0.218163 
-0.028571 -0.000811 0.215270 
-0.032567 0.004759 0.209922 
-0.036985 0.010250 0.204180 
-0.040614 0.015859 0.199068 
-0.048777 0.020792 0.190328 
-0.054180 0.026136 0.183796 
-0.046261 0.051441 0.181479 
-0.042694 0.058122 0.182127 
-0.041592 0.064436 0.180804 
-0.041081 0.070662 0.179006 
-0.042541 0.076593 0.175631 
-0.052963 -0.024748 0.204082 
-0.033420 -0.015691 0.217501 
-0.028648 -0.008855 0.219030 
-0.028512 -0.002683 0.216941 
-0.031295 0.003073 0.212582 
-0.037193 0.008345 0.205659 
-0.039838 0.014102 0.201339 
-0.045342 0.019433 0.194732 
-0.056270 0.023957 0.183789 
-0.045175 0.055882 0.181799 
-0.043185 0.062328 0.181185 
-0.042575 0.068568 0.179466 
-0.042754 0.074691 0.177117 
-0.053572 -0.024344 0.204404 
-0.033627 -0.015232 0.218129 
-0.029238 -0.008453 0.219352 
-0.029197 -0.002294 0.217190 
-0.032488 0.003386 0.212421 
-0.037896 0.008733 0.205896 
-0.040641 0.014475 0.201499 
-0.046542 0.019748 0.194580 
-0.049946 0.054249 0.179306 
-0.045055 0.061598 0.180838 
-0.044347 0.067853 0.179198 
-0.044526 0.073976 0.176848 
-0.049721 -0.021859 0.207777 
-0.032573 -0.013172 0.219234 
-0.029334 -0.006560 0.219551 
-0.030328 -0.000548 0.216587 
-0.034945 0.004931 0.210744 
-0.039073 0.010469 0.205247 
-0.042608 0.016094 0.200221 
-0.050585 0.021062 0.191652 
-0.046159 0.066659 0.179068 
-0.046931 0.072694 0.176247 
-0.040476 -0.019051 0.215611 
-0.032333 -0.011705 0.219864 
-0.029846 -0.005200 0.219596 
-0.031405 0.000733 0.216196 
-0.037444 0.005997 0.209208 
-0.040290 0.011726 0.204736 
-0.044222 0.017294 0.199397 
-0.051625 0.064925 0.176029 
-0.049792 0.071820 0.175117 
-0.038887 -0.016906 0.217163 
-0.031959 -0.009746 0.220427 
-0.030507 -0.003388 0.219358 
-0.033107 0.002398 0.215152 
-0.039411 0.007617 0.207929 
-0.041765 0.013419 0.203851 
-0.046982 0.018798 0.197493 
-0.051882 0.067275 0.175959 
-0.039095 -0.016447 0.217792 
-0.032550 -0.009343 0.220750 
-0.031192 -0.002998 0.219608 
-0.033906 0.002770 0.215307 
-0.040213 0.007990 0.208088 
-0.042666 0.013778 0.203933 
-0.048479 0.019071 0.197107 
-0.038375 -0.015377 0.218990 
-0.032820 -0.008422 0.221153 
-0.032026 -0.002156 0.219574 
-0.035062 0.003562 0.215010 
-0.041371 0.008783 0.207795 
-0.044222 0.014514 0.203329 
-0.050729 0.019706 0.195956 
-0.038147 -0.014381 0.219793 
-0.033278 -0.007527 0.221411 
-0.032861 -0.001314 0.219541 
-0.036317 0.004340 0.214636 
-0.042431 0.009591 0.207582 
-0.045382 0.015308 0.203038 
-0.053771 0.020226 0.194179 
-0.038018 -0.013399 0.220518 
-0.033736 -0.006632 0.221669 
-0.033696 -0.000472 0.219508 
-0.037771 0.005089 0.214106 
-0.043492 0.010400 0.207369 
-0.046642 0.016089 0.202671 
-0.058101 0.020558 0.191385 
-0.037651 -0.011909 0.221261 
-0.034155 -0.005258 0.221789 
-0.034776 0.000809 0.219120 
-0.040077 0.006187 0.212734 
-0.044712 0.011659 0.206862 
-0.048655 0.017232 0.201539 
-0.045082 -0.017238 0.217867 
-0.037146 -0.009927 0.221943 
-0.034723 -0.003431 0.221625 
-0.036024 0.002539 0.218426 
-0.043137 0.007649 0.210599 
-0.046388 0.013325 0.205826 
-0.052907 0.018523 0.198470 
-0.042063 -0.014414 0.220370 
-0.036613 -0.007470 0.222468 
-0.035536 -0.001165 0.221106 
-0.038153 0.004609 0.216856 
-0.045665 0.009664 0.208721 
-0.048621 0.015383 0.204185 
-0.060194 0.019845 0.192840 
-0.040865 -0.012330 0.221601 
-0.036616 -0.005564 0.222741 
-0.036483 0.000609 0.220653 
-0.040521 0.006173 0.215270 
-0.047045 0.011373 0.207921 
-0.051092 0.016934 0.202526 
-0.049356 -0.017335 0.217221 
-0.039923 -0.009812 0.222456 
-0.037052 -0.003245 0.222512 
-0.037910 0.002784 0.219643 
-0.044140 0.008029 0.212532 
-0.048486 0.013548 0.206906 
-0.056302 0.018562 0.198544 
-0.044748 -0.014282 0.220970 
-0.039278 -0.007336 0.223077 
-0.037776 -0.000966 0.222061 
-0.039644 0.004913 0.218389 
-0.046670 0.010044 0.210657 
-0.050225 0.015679 0.205658 
-0.062904 0.019989 0.193475 
-0.043310 -0.011691 0.222216 
-0.039128 -0.004933 0.223306 
-0.038816 0.001264 0.221353 
-0.042372 0.006900 0.216356 
-0.048508 0.012161 0.209330 
-0.054049 0.017509 0.202773 
-0.055682 -0.017251 0.214809 
-0.042467 -0.009187 0.222993 
-0.039375 -0.002588 0.223223 
-0.040055 0.003466 0.220490 
-0.045400 0.008844 0.214092 
-0.050447 0.014265 0.207928 
-0.059960 0.019039 0.198254 
-0.047297 -0.013655 0.221514 
-0.041921 -0.006726 0.223535 
-0.040119 -0.000314 0.222751 
-0.041792 0.005596 0.219239 
-0.047139 0.010975 0.212844 
-0.052685 0.016325 0.206293 
-0.062798 -0.020133 0.211845 
-0.046394 -0.011615 0.222507 
-0.041810 -0.004802 0.223902 
-0.041001 0.001467 0.222339 
-0.043768 0.007220 0.217972 
-0.048521 0.012686 0.212047 
-0.055063 0.017894 0.204721 
-0.055998 -0.016768 0.217299 
-0.045649 -0.009125 0.223205 
-0.042058 -0.002456 0.223820 
-0.042143 0.003684 0.221556 
-0.046501 0.009208 0.215945 
-0.051157 0.014689 0.210101 
-0.062571 0.019198 0.198966 
-0.051181 -0.013691 0.221189 
-0.044903 -0.006636 0.223902 
-0.042603 -0.000153 0.223504 
-0.043782 0.005829 0.220385 
-0.047944 0.011383 0.214933 
-0.052900 0.016823 0.208859 
-0.063976 -0.019296 0.213506 
-0.049243 -0.011029 0.222821 
-0.044754 -0.004233 0.224132 
-0.043547 0.002093 0.222878 
-0.045820 0.007918 0.218905 
-0.049685 0.013516 0.213688 
-0.058622 0.018386 0.204509 
-0.058202 -0.016556 0.218309 
-0.048836 -0.009062 0.223423 
-0.045042 -0.002366 0.224189 
-0.044630 0.003846 0.222314 
-0.047800 0.009544 0.217643 
-0.052065 0.015085 0.212118 
-0.066278 0.019202 0.198828 
-0.057975 -0.015559 0.219115 
-0.049402 -0.008180 0.223603 
-0.045806 -0.001513 0.224212 
-0.045593 0.004670 0.222182 
-0.048566 0.010397 0.217668 
-0.053032 0.015911 0.211991 
-0.067948 0.019930 0.198165 
-0.059958 -0.016297 0.218707 
-0.051082 -0.008878 0.223423 
-0.046987 -0.002140 0.224417 
-0.046376 0.004100 0.222698 
-0.048753 0.009913 0.218651 
-0.053121 0.015442 0.213054 
-0.067346 0.019564 0.199779 
-0.074097 0.024756 0.192337 
-0.053938 -0.010688 0.222668 
-0.048845 -0.003810 0.224435 
-0.047238 0.002572 0.223490 
-0.048620 0.008528 0.220220 
-0.050998 0.014342 0.216176 
-0.061942 0.018935 0.205466 
-0.072289 0.023613 0.195223 
-0.059704 -0.014332 0.220162 
-0.052217 -0.007114 0.223785 
-0.048717 -0.000463 0.224311 
-0.048405 0.005734 0.222358 
-0.050385 0.011606 0.218625 
-0.055654 0.017009 0.212337 
-0.069792 0.021151 0.199155 
-0.074429 0.026646 0.193365 
-0.057565 -0.011643 0.221945 
-0.051770 -0.004667 0.224248 
-0.049364 0.001827 0.223921 
-0.049751 0.007925 0.221427 
-0.051532 0.013825 0.217850 
-0.059296 0.018876 0.209630 
-0.071745 0.023261 0.197772 
-0.076391 0.028760 0.191991 
-0.057197 -0.010154 0.222686 
-0.052297 -0.003307 0.224291 
-0.050490 0.003103 0.223499 
-0.050976 0.009187 0.220928 
-0.052759 0.015087 0.217352 
-0.064016 0.019644 0.206430 
-0.072681 0.024569 0.197518 
-0.077369 0.030065 0.191714 
-0.059042 -0.010399 0.222219 
-0.053742 -0.003495 0.224131 
-0.051634 0.002956 0.223569 
-0.051722 0.009097 0.221308 
-0.053306 0.015026 0.217888 
-0.064468 0.019600 0.207050 
-0.072837 0.024569 0.198375 
-0.076869 0.030156 0.193077 
-0.061127 -0.011150 0.221737 
-0.055526 -0.004205 0.223878 
-0.053018 0.002303 0.223625 
-0.052507 0.008528 0.221827 
-0.053793 0.014500 0.218640 
-0.060967 0.019640 0.210897 
-0.072633 0.024145 0.199678 
-0.076621 0.029739 0.194413 
-0.065589 -0.013182 0.219759 
-0.058088 -0.005971 0.223363 
-0.054681 0.000663 0.223803 
-0.053571 0.006973 0.222469 
-0.054158 0.013044 0.219823 
-0.058940 0.018524 0.213936 
-0.072208 0.022806 0.201489 
-0.075491 0.028496 0.196759 
-0.079562 0.034086 0.191457 
-0.061152 -0.007805 0.222465 
-0.056545 -0.001003 0.223829 
-0.055035 0.005363 0.222803 
-0.054924 0.011532 0.220697 
-0.057409 0.017336 0.216586 
-0.072242 0.021875 0.202775 
-0.075028 0.027636 0.198432 
-0.078820 0.033263 0.193339 
-0.063699 -0.008147 0.221462 
-0.058092 -0.001205 0.223595 
-0.056581 0.005161 0.222568 
-0.056070 0.011387 0.220771 
-0.058258 0.017233 0.216893 
-0.072697 0.021831 0.203399 
-0.075284 0.027621 0.199212 
-0.078745 0.033295 0.194374 
-0.066949 -0.008585 0.219923 
-0.060339 -0.001504 0.222823 
-0.058129 0.004960 0.222336 
-0.057418 0.011214 0.220692 
-0.059806 0.017032 0.216661 
-0.073413 0.022224 0.203653 
-0.075700 0.028057 0.199699 
-0.078950 0.033761 0.195025 
-0.082707 0.039398 0.189976 
-0.062249 -0.001282 0.222146 
-0.059738 0.005224 0.221888 
-0.059327 0.011436 0.220014 
-0.063277 0.017510 0.214615 
-0.074189 0.023082 0.203691 
-0.076378 0.028930 0.199817 
-0.079542 0.034647 0.195214 
-0.082874 0.040344 0.190491 
-0.062763 0.001503 0.221702 
-0.061451 0.007841 0.220520 
-0.063702 0.014154 0.216431 
-0.074622 0.022095 0.204669 
-0.076612 0.027971 0.200949 
-0.079011 0.033794 0.196930 
-0.081917 0.039550 0.192534 
-0.064874 0.001699 0.220874 
-0.063362 0.008064 0.219845 
-0.074870 0.017346 0.207136 
-0.075460 0.023418 0.204494 
-0.077451 0.029295 0.200775 
-0.079671 0.035144 0.196899 
-0.082579 0.040901 0.192506 
-0.087128 0.000051 0.204319 
-0.077484 0.015108 0.206777 
-0.075772 0.021501 0.205901 
-0.078164 0.027322 0.201877 
-0.078789 0.033391 0.199214 
-0.081592 0.039163 0.194903 
-0.084288 0.044950 0.190674 
-0.088589 -0.000601 0.204358 
-0.090966 0.005230 0.200374 
-0.076785 0.019486 0.206772 
-0.077175 0.025586 0.204283 
-0.079082 0.031476 0.200636 
-0.080710 0.037410 0.197218 
-0.083194 0.043227 0.193153 
-0.099208 -0.005815 0.198649 
-0.088853 0.001752 0.204297 
-0.079960 0.015278 0.206661 
-0.077344 0.021796 0.206474 
-0.078837 0.027743 0.203143 
-0.079984 0.033740 0.200085 
-0.081613 0.039674 0.196669 
-0.084205 0.045477 0.192524 
-0.096712 -0.004500 0.201200 
-0.090741 0.002468 0.203527 
-0.079865 0.017209 0.207049 
-0.078151 0.023601 0.206171 
-0.080588 0.029420 0.202126 
-0.080933 0.035529 0.199682 
-0.082457 0.041478 0.196348 
-0.085157 0.047267 0.192125 
-0.098360 -0.004697 0.200953 
-0.091959 0.002328 0.203601 
-0.080892 0.017565 0.207086 
-0.078976 0.023985 0.206360 
-0.081120 0.029845 0.202542 
-0.082430 0.035823 0.199371 
-0.082883 0.041918 0.196846 
-0.085371 0.047737 0.192786 
-0.090001 0.053264 0.187109 
-0.093617 0.000708 0.203848 
-0.097928 0.006281 0.198416 
-0.079920 0.022932 0.206965 
-0.080512 0.029005 0.204326 
-0.084046 0.034681 0.199476 
-0.083428 0.040922 0.197760 
-0.085274 0.046828 0.194185 
-0.088835 0.052502 0.189319 
-0.097138 -0.001636 0.202862 
-0.096412 0.004619 0.201226 
-0.081405 0.021331 0.207326 
-0.080693 0.027584 0.205681 
-0.084415 0.033235 0.200689 
-0.085941 0.039185 0.197359 
-0.085538 0.045396 0.195481 
-0.088028 0.051216 0.191424 
-0.106426 -0.005705 0.197883 
-0.096046 0.001853 0.203504 
-0.084491 0.018567 0.206822 
-0.081453 0.025136 0.206930 
-0.082611 0.031134 0.203873 
-0.086283 0.036795 0.198930 
-0.087595 0.042775 0.195761 
-0.088050 0.048870 0.193238 
-0.090864 0.054647 0.188941 
-0.101445 -0.002637 0.201786 
-0.098466 0.003921 0.201842 
-0.083393 0.022054 0.207457 
-0.082145 0.028379 0.206216 
-0.085805 0.034043 0.201284 
-0.088084 0.039892 0.197391 
-0.089076 0.045915 0.194465 
-0.090174 0.051924 0.191459 
-0.094385 0.057514 0.186116 
-0.100218 -0.000077 0.202866 
-0.101854 0.005860 0.199458 
-0.083153 0.025424 0.207447 
-0.083393 0.031549 0.205086 
-0.088143 0.037067 0.199343 
-0.089887 0.042989 0.195853 
-0.091093 0.048984 0.192767 
-0.092300 0.054979 0.189681 
-0.107946 -0.004403 0.199246 
-0.101205 0.002659 0.202116 
-0.086001 0.022223 0.207302 
-0.083557 0.028708 0.206953 
-0.086161 0.034516 0.202822 
-0.090054 0.040150 0.197725 
-0.091584 0.046102 0.194399 
-0.092899 0.052083 0.191233 
-0.095288 0.057919 0.187263 
-0.104209 -0.001032 0.202039 
-0.104343 0.005107 0.199759 
-0.084823 0.026667 0.207659 
-0.084742 0.032835 0.205540 
-0.090034 0.038283 0.199400 
-0.092210 0.044149 0.195592 
-0.093526 0.050129 0.192427 
-0.095056 0.056081 0.189101 
-0.111223 -0.004311 0.198633 
-0.104153 0.002791 0.201738 
-0.086334 0.025540 0.207848 
-0.085070 0.031866 0.206612 
-0.089720 0.037402 0.200957 
-0.092757 0.043153 0.196508 
-0.094397 0.049091 0.193104 
-0.095929 0.055044 0.189780 
-0.099826 0.060680 0.184687 
-0.106396 0.000624 0.201731 
-0.110618 0.006218 0.196400 
-0.085800 0.029897 0.207721 
-0.087117 0.035879 0.204558 
-0.092738 0.041286 0.198183 
-0.094916 0.047153 0.194378 
-0.096449 0.053106 0.191055 
-0.098305 0.059015 0.187491 
-0.111734 -0.002901 0.199755 
-0.108209 0.003726 0.200204 
-0.087861 0.027277 0.208005 
-0.086596 0.033603 0.206769 
-0.091789 0.039069 0.200718 
-0.094829 0.044821 0.196272 
-0.096794 0.050717 0.192629 
-0.098220 0.056685 0.189388 
-0.120844 -0.006926 0.194977 
-0.109673 0.000717 0.201119 
-0.114546 0.006227 0.195312 
-0.087326 0.031634 0.207878 
-0.088968 0.037573 0.204476 
-0.094702 0.042968 0.198027 
-0.097099 0.048808 0.194065 
-0.098849 0.054733 0.190584 
-0.101137 0.060586 0.186701 
-0.113645 -0.001677 0.199834 
-0.112595 0.004620 0.198438 
-0.088477 0.031030 0.208171 
-0.088612 0.037170 0.205893 
-0.094995 0.042481 0.198967 
-0.097716 0.048277 0.194765 
-0.099575 0.054189 0.191205 
-0.101542 0.060085 0.187564 
-0.117110 -0.003055 0.198597 
-0.113365 0.003599 0.199202 
-0.089442 0.031398 0.208269 
-0.089254 0.037581 0.206231 
-0.095641 0.042893 0.199308 
-0.098471 0.048676 0.195029 
-0.100546 0.054559 0.191309 
-0.102730 0.060428 0.187510 
-0.118156 -0.002217 0.198490 
-0.116782 0.004122 0.197332 
-0.089780 0.034219 0.207996 
-0.091856 0.040102 0.204278 
-0.097599 0.045501 0.197839 
-0.100215 0.051313 0.193721 
-0.102185 0.057211 0.190083 
-0.106526 0.062795 0.184684 
-0.118114 0.000186 0.198689 
-0.091913 0.032065 0.208066 
-0.090539 0.038404 0.206909 
-0.096824 0.043733 0.200073 
-0.100089 0.049461 0.195477 
-0.102383 0.055316 0.191600 
-0.104893 0.061143 0.187563 
-0.122418 -0.002247 0.197174 
-0.093419 0.032363 0.207766 
-0.091289 0.038802 0.207167 
-0.097362 0.044160 0.200495 
-0.100844 0.049860 0.195741 
-0.103248 0.055702 0.191787 
-0.105975 0.061501 0.187592 
-0.124479 -0.002014 0.196490 
-0.094240 0.033226 0.207809 
-0.092109 0.039664 0.207209 
-0.098185 0.045024 0.200540 
-0.101777 0.050710 0.195708 
-0.104290 0.056538 0.191675 
-0.107558 0.062267 0.187082 
-0.125529 -0.001175 0.196388 
-0.129583 0.004922 0.191039 
-0.093273 0.037639 0.208001 
-0.095463 0.043510 0.204208 
-0.101326 0.048900 0.197703 
-0.104164 0.054686 0.193431 
-0.106894 0.060486 0.189239 
-0.128381 -0.003414 0.195956 
-0.128554 0.002721 0.193653 
-0.095626 0.035458 0.207915 
-0.094034 0.041825 0.206915 
-0.100333 0.047159 0.200094 
-0.103929 0.052847 0.195266 
-0.106661 0.058648 0.191076 
-0.132438 -0.005813 0.194633 
-0.128053 0.000923 0.195704 
-0.134492 0.006233 0.188759 
-0.094835 0.040322 0.207809 
-0.098542 0.045997 0.202904 
-0.103546 0.051501 0.197042 
-0.106604 0.057261 0.192615 
-0.110634 0.062893 0.187470 
-0.130020 -0.000726 0.195761 
-0.134296 0.004870 0.190422 
-0.096424 0.039664 0.207789 
-0.097752 0.045649 0.204638 
-0.103624 0.051042 0.198142 
-0.107008 0.056760 0.193478 
-0.110716 0.062435 0.188575 
-0.131529 -0.000893 0.195658 
-0.135463 0.004749 0.190574 
-0.097354 0.040513 0.207753 
-0.098683 0.046499 0.204603 
-0.104558 0.051893 0.198111 
-0.107944 0.057611 0.193448 
-0.112304 0.063203 0.188070 
-0.133490 0.000302 0.194719 
-0.137883 0.005885 0.189302 
-0.098137 0.041855 0.207659 
-0.100008 0.047771 0.204113 
-0.105670 0.053195 0.197783 
-0.109275 0.058886 0.192964 
-0.136722 -0.004353 0.194853 
-0.135641 0.001947 0.193476 
-0.140492 0.007471 0.187725 
-0.098369 0.044690 0.207469 
-0.103167 0.050228 0.201778 
-0.107748 0.055793 0.196246 
-0.111788 0.061428 0.191111 
-0.136513 -0.001452 0.195017 
-0.138513 0.004446 0.191370 
-0.100985 0.042005 0.207371 
-0.100474 0.048231 0.205573 
-0.106575 0.053601 0.198932 
-0.110617 0.059237 0.193799 
-0.139095 -0.003652 0.194798 
-0.138812 0.002544 0.192834 
-0.143324 0.008114 0.187339 
-0.100440 0.047785 0.206749 
-0.106436 0.053170 0.200190 
-0.110805 0.058765 0.194821 
-0.116259 0.064220 0.188660 
-0.140474 0.003307 0.192292 
-0.145102 0.008864 0.186716 
-0.102340 0.049931 0.205508 
-0.108448 0.055304 0.198873 
-0.113145 0.060858 0.193270 
-0.140659 0.001420 0.193839 
-0.144261 0.007111 0.189022 
-0.102592 0.049922 0.206307 
-0.108703 0.055295 0.199676 
-0.113620 0.060823 0.193916 
-0.142397 0.002647 0.193077 
-0.103584 0.047448 0.207401 
-0.105897 0.053311 0.203545 
-0.112119 0.058672 0.196839 
-0.117690 0.064117 0.190607 
-0.104114 0.049298 0.207331 
-0.108058 0.054953 0.202289 
-0.113958 0.060357 0.195824 
-0.105257 0.051544 0.206648 
-0.110724 0.057005 0.200502 
-0.117280 0.062327 0.193565 
-0.107518 0.054595 0.204821 
-0.114185 0.059904 0.197808 
-0.107345 0.053219 0.206430 
-0.113037 0.058654 0.200133 
-0.108430 0.053578 0.206461 
-0.113689 0.059070 0.200482 
-0.109763 0.054853 0.205979 
-0.115569 0.060277 0.199608 
-0.113298 0.058220 0.203073 
-0.114277 0.058594 0.203186 
