0.020167 -0.018696 0.136442 
0.028869 0.032446 0.127105 
0.029106 0.014120 0.135118 
0.027174 0.051511 0.119426 
0.024223 0.008546 0.133410 
0.026994 0.046790 0.122008 
0.021928 -0.001747 0.135981 
0.027855 0.037066 0.127449 
0.020972 -0.013685 0.140467 
0.029617 0.025619 0.134409 
0.024360 0.062415 0.115711 
0.020236 0.001782 0.135065 
0.026566 0.040665 0.126890 
-0.006972 -0.028547 0.120826 
0.026586 0.015220 0.137307 
0.025368 0.052746 0.122286 
0.018431 -0.014055 0.141176 
0.028479 0.025496 0.136372 
0.023784 0.062400 0.118207 
0.019783 -0.005763 0.140447 
0.026493 0.033187 0.132612 
0.015476 0.068967 0.108754 
0.018352 0.000145 0.137899 
0.024969 0.039075 0.129970 
0.013008 0.074693 0.105283 
0.017123 0.005145 0.135884 
0.023553 0.044041 0.127783 
0.012337 0.079796 0.103783 
0.018858 0.010201 0.136713 
0.023975 0.048863 0.127426 
0.009748 0.084087 0.100732 
0.020477 0.013820 0.137954 
0.024562 0.052298 0.127737 
-0.012086 -0.027786 0.122910 
0.021040 0.015835 0.138763 
0.024279 0.054163 0.127787 
-0.012461 -0.026872 0.123257 
0.020678 0.016741 0.139089 
0.024011 0.055086 0.128197 
-0.013063 -0.026470 0.123574 
0.019243 0.016987 0.138627 
0.023794 0.055546 0.128826 
0.006908 0.090323 0.099826 
0.017579 0.016721 0.138136 
0.023887 0.055590 0.129909 
0.007871 0.090525 0.101705 
0.016345 0.016059 0.138206 
0.024297 0.055219 0.131450 
0.008702 0.090232 0.103636 
0.015339 0.015910 0.138307 
0.024214 0.055231 0.132372 
0.009384 0.090383 0.105259 
0.013955 0.015695 0.138072 
0.024219 0.055258 0.133373 
0.009597 0.090452 0.106460 
0.013348 0.017032 0.138011 
0.023898 0.056644 0.133560 
0.008891 0.091775 0.106323 
0.012803 0.020269 0.137314 
0.022131 0.059661 0.131756 
0.006173 0.094636 0.103705 
0.013863 0.023785 0.138042 
0.020593 0.062721 0.130165 
0.003076 0.097431 0.100755 
0.017745 0.028734 0.140917 
0.019663 0.066831 0.128767 
-0.013656 -0.010693 0.126520 
0.019871 0.032908 0.142417 
0.016616 0.070102 0.125667 
0.001515 -0.004251 0.139583 
0.020734 0.036859 0.142787 
0.014606 0.073553 0.123489 
0.005737 0.000284 0.142931 
0.021508 0.040794 0.143075 
0.012972 0.077071 0.121646 
0.007599 0.004408 0.144185 
0.021748 0.044634 0.142885 
0.009447 0.080260 0.118131 
0.008060 0.007345 0.144544 
0.021820 0.047502 0.142891 
0.007826 0.082837 0.116651 
0.007804 0.010630 0.144095 
0.022021 0.050863 0.142839 
0.008135 0.086221 0.116705 
0.006981 0.013816 0.143144 
0.021864 0.054162 0.142468 
0.008161 0.089555 0.116508 
0.006117 0.016524 0.142332 
0.021042 0.056874 0.141681 
0.007580 0.092312 0.115948 
0.005064 0.019199 0.141354 
0.019771 0.059508 0.140499 
0.006430 0.094972 0.114888 
0.005392 0.021640 0.141766 
0.018549 0.061679 0.139536 
0.005335 0.097169 0.114049 
0.004860 0.021573 0.142286 
0.018385 0.061673 0.140372 
0.004991 0.097135 0.114737 
0.004416 0.019160 0.143747 
0.019908 0.059597 0.143558 
0.005303 0.094853 0.116867 
0.005672 0.014679 0.147568 
0.020698 0.055032 0.146959 
0.004376 0.089997 0.118771 
0.005104 0.008467 0.150301 
0.019935 0.048784 0.149510 
0.006651 0.084275 0.124009 
-0.001789 -0.000719 0.148167 
0.017758 0.040405 0.151512 
0.011524 0.077109 0.132216 
-0.007380 -0.011096 0.147701 
0.011049 0.029836 0.150062 
0.015192 0.068318 0.139877 
-0.001648 0.103203 0.111267 
0.003688 0.017266 0.148731 
0.018490 0.057569 0.147885 
0.001906 0.092506 0.119525 
0.000765 0.004040 0.151817 
0.017267 0.044632 0.152451 
0.008575 0.080923 0.131028 
-0.005144 -0.010167 0.152459 
0.010605 0.030298 0.152443 
0.014470 0.068732 0.142010 
-0.002837 0.103549 0.113029 
0.003418 0.014928 0.152312 
0.017269 0.055061 0.150602 
-0.001225 0.089684 0.120614 
-0.001621 -0.000074 0.154065 
0.014757 0.040488 0.154563 
0.009044 0.077295 0.135773 
-0.007233 -0.015173 0.155321 
0.001906 0.024160 0.149503 
0.015480 0.064243 0.147542 
-0.001604 0.099113 0.118809 
0.001773 0.009523 0.155723 
0.016715 0.049830 0.154931 
0.003971 0.085449 0.130023 
-0.002508 -0.005349 0.158144 
0.012669 0.035000 0.157563 
0.011845 0.072644 0.143062 
-0.012450 -0.021654 0.155799 
0.001362 0.018470 0.154050 
0.015698 0.058671 0.152714 
-0.005395 0.092875 0.120537 
-0.001990 0.002340 0.157802 
0.014150 0.042844 0.158029 
0.006396 0.079319 0.137509 
-0.006702 -0.015436 0.160889 
-0.000030 0.023474 0.152903 
0.014093 0.063635 0.151372 
-0.005844 0.098043 0.120227 
-0.001372 0.004380 0.159617 
0.013987 0.044743 0.159136 
0.005395 0.081083 0.137911 
-0.007044 -0.015920 0.162732 
-0.000751 0.022924 0.154412 
0.013733 0.063140 0.153172 
-0.008387 0.097190 0.120165 
-0.001234 0.003976 0.161873 
0.012905 0.044127 0.160311 
0.005820 0.080728 0.140416 
-0.007116 -0.015414 0.164464 
-0.001394 0.023333 0.155645 
0.012909 0.063513 0.154227 
-0.011330 0.097214 0.119412 
-0.001622 0.006316 0.162635 
0.012602 0.046474 0.161122 
0.004477 0.082906 0.140347 
-0.005305 -0.010340 0.166279 
0.004945 0.029165 0.161375 
0.011624 0.068060 0.153340 
-0.015458 -0.024308 0.162929 
-0.001707 0.015790 0.161073 
0.012527 0.055945 0.159548 
-0.004303 0.090916 0.131239 
-0.002277 0.007215 0.164662 
0.011660 0.047316 0.162865 
0.003440 0.083742 0.142042 
-0.003094 -0.000929 0.167862 
0.010017 0.039031 0.165347 
0.007536 0.076419 0.149487 
-0.006555 -0.011407 0.169462 
0.000799 0.027612 0.162047 
0.009727 0.066876 0.155929 
-0.014785 -0.023629 0.167280 
-0.003219 0.016096 0.163508 
0.010661 0.056179 0.161639 
-0.005158 0.091337 0.134263 
-0.003697 0.005174 0.168036 
0.009871 0.045200 0.165878 
0.002976 0.081861 0.146245 
-0.005555 -0.006451 0.171542 
0.006588 0.033342 0.168172 
0.007551 0.071298 0.155259 
-0.012050 -0.019325 0.171214 
-0.003924 0.019820 0.164456 
0.009501 0.059820 0.162166 
-0.010757 0.094247 0.130997 
-0.004711 0.007430 0.169232 
0.008685 0.047419 0.166896 
0.000813 0.083924 0.146448 
-0.006264 -0.005089 0.173346 
0.005594 0.034648 0.169701 
0.005552 0.072444 0.155948 
-0.012093 -0.017849 0.173600 
-0.005208 0.021086 0.165764 
0.008417 0.061111 0.163616 
-0.013878 0.095213 0.130743 
-0.005227 0.008824 0.171201 
0.007238 0.048650 0.168037 
-0.000760 0.085143 0.147508 
-0.007221 -0.003296 0.174763 
0.004639 0.036433 0.171092 
0.003498 0.074055 0.156424 
-0.012095 -0.015895 0.175847 
-0.006838 0.022768 0.166603 
0.006826 0.062792 0.164468 
-0.025671 -0.029467 0.169279 
-0.006680 0.011478 0.171845 
0.005908 0.051319 0.168765 
-0.002791 0.087702 0.147658 
-0.007793 -0.001440 0.176510 
0.003228 0.038145 0.172099 
0.001625 0.075697 0.157058 
-0.012945 -0.015026 0.177713 
-0.007397 0.023684 0.168714 
0.004969 0.063489 0.165447 
-0.029197 -0.030918 0.169579 
-0.007879 0.010400 0.174098 
0.004530 0.050202 0.170835 
-0.003127 0.086768 0.150657 
-0.009073 -0.003475 0.179042 
-0.000245 0.035753 0.172771 
0.000706 0.073715 0.159878 
-0.016521 -0.018381 0.178636 
-0.008853 0.020676 0.171443 
0.003246 0.060430 0.167923 
-0.015074 0.095237 0.138621 
-0.009798 0.006370 0.176772 
0.002364 0.046127 0.173280 
-0.003026 0.083072 0.155062 
-0.012764 -0.008268 0.180375 
-0.008270 0.030264 0.170464 
0.001057 0.069570 0.164605 
-0.023209 -0.023660 0.177436 
-0.011295 0.016089 0.173847 
0.001863 0.056006 0.171195 
-0.009630 0.091954 0.147784 
-0.010889 0.002004 0.180324 
-0.001493 0.041313 0.174497 
-0.002670 0.078942 0.159844 
-0.015882 -0.012965 0.182207 
-0.009940 0.025803 0.173524 
-0.000513 0.065119 0.167729 
-0.030199 -0.028979 0.176010 
-0.011615 0.011850 0.178057 
-0.000620 0.051410 0.173554 
-0.007930 0.088048 0.153723 
-0.013484 -0.002136 0.182426 
-0.009084 0.036380 0.172429 
-0.004297 0.074958 0.162760 
-0.020335 -0.016458 0.182404 
-0.012361 0.022638 0.175433 
-0.001872 0.062119 0.170513 
-0.020461 0.096923 0.141123 
-0.013418 0.009257 0.180319 
-0.004327 0.048515 0.174227 
-0.008287 0.085692 0.157216 
-0.016407 -0.004437 0.183570 
-0.011715 0.034125 0.173816 
-0.005574 0.072921 0.165287 
-0.023943 -0.018864 0.182988 
-0.014899 0.020400 0.176905 
-0.004348 0.059891 0.172036 
-0.018957 0.095351 0.146051 
-0.015819 0.007514 0.181734 
-0.008998 0.046418 0.173772 
-0.009723 0.084105 0.159449 
-0.018327 -0.006101 0.185397 
-0.013730 0.032444 0.175558 
-0.006907 0.071348 0.167593 
-0.027615 -0.020804 0.183361 
-0.016626 0.018767 0.178895 
-0.008353 0.057902 0.172144 
-0.018567 0.094068 0.149853 
-0.017158 0.005943 0.184048 
-0.013141 0.044394 0.173720 
-0.010577 0.082612 0.162170 
-0.020655 -0.006884 0.186542 
-0.015571 0.031737 0.177107 
-0.008840 0.070623 0.169053 
-0.028826 -0.019512 0.184782 
-0.018408 0.019962 0.179813 
-0.012742 0.058676 0.170864 
-0.021427 0.095097 0.149893 
-0.019404 0.008480 0.184063 
-0.014512 0.047070 0.174463 
-0.013986 0.084964 0.161210 
-0.021233 -0.002661 0.187444 
-0.016535 0.035898 0.177681 
-0.011255 0.074549 0.168404 
-0.026810 -0.013925 0.187527 
-0.020169 0.024942 0.179383 
-0.014597 0.063639 0.170349 
-0.039540 -0.025848 0.181486 
-0.020658 0.014959 0.183542 
-0.014987 0.053671 0.174587 
-0.019322 0.090796 0.157291 
-0.021747 0.005825 0.186857 
-0.017436 0.044321 0.176767 
-0.016429 0.082294 0.163927 
-0.024353 -0.003075 0.188740 
-0.019750 0.035467 0.178892 
-0.015049 0.074024 0.169125 
-0.026843 -0.010537 0.190211 
-0.022336 0.027989 0.180280 
-0.017148 0.066622 0.170916 
-0.033867 -0.018241 0.187751 
-0.023424 0.021219 0.182743 
-0.016679 0.060098 0.174669 
-0.029784 0.095851 0.150128 
-0.024084 0.014991 0.185391 
-0.017531 0.053837 0.177153 
-0.022564 0.090864 0.159317 
-0.025483 0.009118 0.187255 
-0.019416 0.047888 0.178612 
-0.019777 0.085649 0.164649 
-0.026980 0.003230 0.189039 
-0.021593 0.041893 0.179830 
-0.019618 0.080021 0.167803 
-0.027911 -0.001623 0.190949 
-0.024181 0.036780 0.180372 
-0.019964 0.075259 0.170196 
-0.021138 -0.005275 0.199212 
-0.026283 0.031744 0.181317 
-0.020602 0.070451 0.172347 
-0.022536 -0.011148 0.201073 
-0.028074 0.025812 0.182862 
-0.019856 0.064913 0.175979 
-0.023933 -0.017021 0.202935 
-0.028890 0.020032 0.185211 
-0.020864 0.059101 0.178164 
-0.034899 0.094744 0.152975 
-0.030233 0.013697 0.187298 
-0.022596 0.052705 0.179927 
-0.026189 0.089971 0.163331 
-0.030697 0.007498 0.190105 
-0.025208 0.046172 0.180968 
-0.024798 0.084060 0.167663 
-0.026665 0.001994 0.196597 
-0.028603 0.039520 0.181371 
-0.024090 0.078043 0.171432 
-0.020080 -0.003612 0.205271 
-0.031355 0.032495 0.182477 
-0.024103 0.071440 0.174776 
-0.022278 -0.010547 0.206846 
-0.032934 0.025652 0.184543 
-0.023920 0.064867 0.178280 
-0.024716 -0.017043 0.208062 
-0.034280 0.019318 0.186632 
-0.025262 0.058531 0.180364 
-0.030350 -0.024036 0.206648 
-0.034450 0.013164 0.189679 
-0.027291 0.052091 0.181892 
-0.031391 0.089292 0.164923 
-0.030859 0.008059 0.195619 
-0.030260 0.045980 0.182483 
-0.028781 0.084037 0.170067 
-0.025166 0.003744 0.203087 
-0.033780 0.040260 0.182462 
-0.028381 0.078915 0.173234 
-0.021767 -0.000474 0.208428 
-0.036773 0.035094 0.182704 
-0.028432 0.074197 0.175864 
-0.021957 -0.004276 0.210576 
-0.037826 0.031170 0.184184 
-0.028992 0.070347 0.177738 
-0.023509 -0.007802 0.211483 
-0.038250 0.027815 0.186004 
-0.029806 0.066931 0.179236 
-0.025863 -0.010971 0.211589 
-0.039912 0.024745 0.186652 
-0.030484 0.064009 0.180675 
-0.027151 -0.013512 0.212368 
-0.041927 0.022095 0.186845 
-0.031416 0.061521 0.181737 
-0.028312 -0.015558 0.213088 
-0.043321 0.020015 0.187380 
-0.032610 0.059469 0.182427 
-0.029538 -0.017141 0.213585 
-0.042709 0.018711 0.189364 
-0.033962 0.057867 0.182822 
-0.030276 -0.017234 0.213955 
-0.042274 0.018798 0.190694 
-0.035196 0.057701 0.182802 
-0.030247 -0.016266 0.214603 
-0.043924 0.019517 0.190005 
-0.036451 0.058479 0.182427 
-0.029443 -0.014716 0.215681 
-0.046323 0.020598 0.188546 
-0.037076 0.059825 0.182389 
-0.027774 -0.011623 0.216923 
-0.049196 0.023028 0.186199 
-0.037741 0.063057 0.181641 
-0.026697 -0.006723 0.217025 
-0.050141 0.027639 0.184725 
-0.038626 0.074297 0.177832 
-0.032379 0.005243 0.208938 
-0.042815 0.054772 0.182242 
-0.030211 -0.012878 0.218215 
-0.051025 0.021876 0.188020 
-0.044414 0.078679 0.173283 
-0.038200 0.011507 0.203667 
-0.042419 0.072849 0.178065 
-0.037580 0.007833 0.206488 
-0.044526 0.073976 0.176848 
-0.039389 0.011368 0.204655 
-0.031140 -0.009643 0.220112 
-0.051192 0.067828 0.175357 
-0.040677 0.011214 0.205565 
-0.032871 0.001499 0.216624 
-0.031971 -0.002622 0.219785 
-0.033050 -0.007021 0.221419 
-0.036713 -0.011788 0.221044 
-0.043013 -0.016480 0.218371 
-0.055506 0.019541 0.194929 
-0.049599 0.017114 0.201763 
-0.048006 0.014527 0.205009 
-0.047045 0.011373 0.207921 
-0.045647 0.008756 0.211006 
-0.041570 0.006527 0.216196 
-0.039671 0.003979 0.219665 
-0.039458 0.001186 0.221806 
-0.040138 -0.001736 0.223244 
-0.042148 -0.005324 0.223808 
-0.045212 -0.008589 0.223378 
-0.049075 -0.011968 0.222330 
-0.056420 -0.015845 0.218565 
-0.069486 0.020140 0.194838 
-0.059073 0.018341 0.205127 
-0.052513 0.015038 0.212733 
-0.048753 0.009913 0.218651 
-0.047259 0.003516 0.223136 
-0.050764 -0.005014 0.224239 
-0.062425 -0.015647 0.219352 
-0.069947 0.021149 0.200011 
-0.052079 0.013764 0.218386 
-0.051773 0.002463 0.223631 
-0.060689 -0.010615 0.221908 
-0.073513 0.025441 0.198491 
-0.054960 0.015298 0.218360 
-0.055571 0.002447 0.223401 
-0.065656 -0.010315 0.220629 
-0.074863 0.026734 0.199874 
-0.059806 0.017032 0.216661 
-0.059759 0.006168 0.221535 
-0.065318 -0.003114 0.221255 
-0.080377 0.036447 0.194883 
-0.078478 0.032940 0.198645 
-0.078372 0.032027 0.200033 
-0.077014 0.025135 0.204575 
-0.079519 0.015812 0.206829 
-0.093810 -0.002685 0.202888 
-0.083224 0.043742 0.194929 
-0.082880 0.032921 0.200039 
-0.080478 0.020961 0.207212 
-0.098181 -0.002724 0.202412 
-0.085538 0.045396 0.195481 
-0.083283 0.031991 0.203031 
-0.100240 0.005576 0.199839 
-0.091333 0.054609 0.189582 
-0.089332 0.040696 0.197109 
-0.083675 0.027272 0.207368 
-0.105109 -0.001626 0.201534 
-0.093809 0.050565 0.192047 
-0.090785 0.038681 0.199659 
-0.087513 0.025879 0.207783 
-0.118535 -0.006649 0.195689 
-0.096305 0.048888 0.193664 
-0.088186 0.036730 0.205395 
-0.112595 0.004620 0.198438 
-0.102218 0.060943 0.186727 
-0.099284 0.050464 0.193755 
-0.095394 0.042477 0.200647 
-0.090412 0.036053 0.207840 
-0.119651 0.002855 0.197550 
-0.124194 -0.002451 0.196868 
-0.108167 0.062661 0.186465 
-0.104802 0.056023 0.192457 
-0.101974 0.049313 0.198047 
-0.095534 0.043547 0.206124 
-0.097555 0.037621 0.207626 
-0.134516 0.003926 0.191609 
-0.133490 0.000302 0.194719 
-0.136073 -0.003321 0.194997 
-0.113690 0.063077 0.189048 
-0.112766 0.061802 0.191223 
-0.113961 0.062148 0.191176 
-0.140320 0.000042 0.194590 
-0.146840 0.007757 0.187813 
-0.114462 0.060766 0.195290 
-0.107989 0.054558 0.205463 
-0.115826 0.060269 0.200412 
