0.020167 -0.018696 0.136442 
0.022916 -0.001184 0.133690 
0.028869 0.032446 0.127105 
0.023539 -0.006232 0.137177 
0.029106 0.014120 0.135118 
0.029176 0.033003 0.128215 
0.027174 0.051511 0.119426 
0.023212 -0.010508 0.139451 
0.024223 0.008546 0.133410 
0.029758 0.028419 0.131490 
0.026994 0.046790 0.122008 
0.013711 -0.022100 0.135475 
0.021928 -0.001747 0.135981 
0.030174 0.018615 0.136527 
0.027855 0.037066 0.127449 
0.026365 0.055670 0.119135 
0.020972 -0.013685 0.140467 
0.020204 0.005049 0.132812 
0.029617 0.025619 0.134409 
0.026439 0.043917 0.124555 
0.024360 0.062415 0.115711 
0.017634 -0.017559 0.139661 
0.020236 0.001782 0.135065 
0.029700 0.022359 0.136702 
0.026566 0.040665 0.126890 
0.025329 0.059316 0.118813 
-0.006972 -0.028547 0.120826 
0.020837 -0.004687 0.139047 
0.026586 0.015220 0.137307 
0.027185 0.034200 0.130891 
0.025368 0.052746 0.122286 
0.014103 0.069600 0.105134 
0.018431 -0.014055 0.141176 
0.018597 0.004849 0.134374 
0.028479 0.025496 0.136372 
0.025211 0.043781 0.126450 
0.023784 0.062400 0.118207 
-0.009361 -0.029844 0.121076 
0.019783 -0.005763 0.140447 
0.024743 0.014000 0.137982 
0.026493 0.033187 0.132612 
0.024313 0.051671 0.123686 
0.015476 0.068967 0.108754 
0.010681 -0.020099 0.137929 
0.018352 0.000145 0.137899 
0.026677 0.020509 0.138474 
0.024969 0.039075 0.129970 
0.023914 0.057762 0.122070 
0.013008 0.074693 0.105283 
0.016489 -0.013844 0.142260 
0.017123 0.005145 0.135884 
0.026936 0.025773 0.137795 
0.023553 0.044041 0.127783 
0.022685 0.062762 0.120054 
0.012337 0.079796 0.103783 
0.017474 -0.008921 0.142412 
0.018858 0.010201 0.136713 
0.025383 0.030240 0.135649 
0.023975 0.048863 0.127426 
0.020101 0.067051 0.116995 
0.009748 0.084087 0.100732 
0.016744 -0.005719 0.141542 
0.020477 0.013820 0.137954 
0.023887 0.033303 0.134078 
0.024562 0.052298 0.127737 
0.017397 0.069904 0.114354 
-0.012086 -0.027786 0.122910 
0.015520 -0.004020 0.140750 
0.021040 0.015835 0.138763 
0.022800 0.035024 0.133402 
0.024279 0.054163 0.127787 
0.015419 0.071471 0.112891 
-0.012461 -0.026872 0.123257 
0.014216 -0.003279 0.140236 
0.020678 0.016741 0.139089 
0.022251 0.035897 0.133559 
0.024011 0.055086 0.128197 
0.014395 0.072264 0.112634 
-0.013063 -0.026470 0.123574 
0.013343 -0.002932 0.140283 
0.019243 0.016987 0.138627 
0.022221 0.036391 0.134356 
0.023794 0.055546 0.128826 
0.014366 0.072761 0.113443 
0.006908 0.090323 0.099826 
0.012148 -0.003115 0.140216 
0.017579 0.016721 0.138136 
0.022670 0.036498 0.135760 
0.023887 0.055590 0.129909 
0.014768 0.072862 0.114811 
0.007871 0.090525 0.101705 
0.010818 -0.003792 0.140204 
0.016345 0.016059 0.138206 
0.022636 0.036047 0.136900 
0.024297 0.055219 0.131450 
0.015508 0.072549 0.116652 
0.008702 0.090232 0.103636 
0.009716 -0.003957 0.140223 
0.015339 0.015910 0.138307 
0.022552 0.036059 0.137822 
0.024214 0.055231 0.132372 
0.015347 0.072550 0.117513 
0.009384 0.090383 0.105259 
0.008801 -0.004089 0.140411 
0.013955 0.015695 0.138072 
0.022380 0.036055 0.138664 
0.024219 0.055258 0.133373 
0.015186 0.072551 0.118373 
0.009597 0.090452 0.106460 
0.008099 -0.002767 0.140269 
0.013348 0.017032 0.138011 
0.022415 0.037504 0.139170 
0.023898 0.056644 0.133560 
0.014577 0.073889 0.118315 
0.008891 0.091775 0.106323 
0.009062 0.000734 0.140916 
0.012803 0.020269 0.137314 
0.023230 0.040978 0.139683 
0.022131 0.059661 0.131756 
0.011768 0.076731 0.115608 
0.006173 0.094636 0.103705 
0.009743 0.004185 0.141310 
0.013863 0.023785 0.138042 
0.024136 0.044468 0.140274 
0.020593 0.062721 0.130165 
0.010466 0.079838 0.114245 
0.003076 0.097431 0.100755 
0.009849 0.008477 0.140836 
0.017745 0.028734 0.140917 
0.024058 0.048724 0.139627 
0.019663 0.066831 0.128767 
0.010948 0.084196 0.114107 
-0.013656 -0.010693 0.126520 
0.009066 0.012142 0.139746 
0.019871 0.032908 0.142417 
0.023405 0.052408 0.138640 
0.016616 0.070102 0.125667 
0.010918 0.087993 0.113689 
0.001515 -0.004251 0.139583 
0.007905 0.015741 0.138322 
0.020734 0.036859 0.142787 
0.022752 0.056093 0.137654 
0.014606 0.073553 0.123489 
0.009566 0.091560 0.112098 
0.005737 0.000284 0.142931 
0.007498 0.019472 0.137568 
0.021508 0.040794 0.143075 
0.022009 0.059762 0.136589 
0.012972 0.077071 0.121646 
0.007647 0.095029 0.110006 
0.007599 0.004408 0.144185 
0.011062 0.023892 0.140328 
0.021748 0.044634 0.142885 
0.019837 0.063181 0.134253 
0.009447 0.080260 0.118131 
0.004497 0.098285 0.106828 
0.008060 0.007345 0.144544 
0.014077 0.027271 0.142944 
0.021820 0.047502 0.142891 
0.019371 0.065955 0.133786 
0.007826 0.082837 0.116651 
0.001078 0.100551 0.103760 
0.007804 0.010630 0.144095 
0.017140 0.031131 0.145432 
0.022021 0.050863 0.142839 
0.018008 0.069046 0.132352 
0.008135 0.086221 0.116705 
-0.016355 -0.009104 0.129449 
0.006981 0.013816 0.143144 
0.018234 0.034649 0.146174 
0.021864 0.054162 0.142468 
0.015672 0.071971 0.130063 
0.008161 0.089555 0.116508 
-0.002555 -0.003859 0.141595 
0.006117 0.016524 0.142332 
0.019559 0.037734 0.147291 
0.021042 0.056874 0.141681 
0.014243 0.074580 0.128749 
0.007580 0.092312 0.115948 
0.001598 -0.000284 0.145213 
0.005064 0.019199 0.141354 
0.020526 0.040755 0.148088 
0.019771 0.059508 0.140499 
0.012528 0.077140 0.127185 
0.006430 0.094972 0.114888 
0.003440 0.002419 0.146963 
0.005392 0.021640 0.141766 
0.020650 0.043159 0.148310 
0.018549 0.061679 0.139536 
0.011530 0.079353 0.126428 
0.005335 0.097169 0.114049 
0.002814 0.002336 0.147399 
0.004860 0.021573 0.142286 
0.020308 0.043121 0.148986 
0.018385 0.061673 0.140372 
0.011378 0.079350 0.127281 
0.004991 0.097135 0.114737 
-0.000380 -0.000550 0.146440 
0.004416 0.019160 0.143747 
0.019322 0.040611 0.149958 
0.019908 0.059597 0.143558 
0.011883 0.077100 0.129576 
0.005303 0.094853 0.116867 
-0.006996 -0.006385 0.143336 
0.005672 0.014679 0.147568 
0.016792 0.035476 0.150438 
0.020698 0.055032 0.146959 
0.013804 0.072733 0.133980 
0.004376 0.089997 0.118771 
-0.010034 -0.013019 0.143903 
0.005104 0.008467 0.150301 
0.009807 0.028161 0.147524 
0.019935 0.048784 0.149510 
0.016211 0.067031 0.139328 
0.006651 0.084275 0.124009 
0.000255 0.102062 0.111471 
-0.001789 -0.000719 0.148167 
0.003485 0.019072 0.145889 
0.017758 0.040405 0.151512 
0.019151 0.059530 0.145824 
0.011524 0.077109 0.132216 
0.003606 0.094636 0.118346 
-0.007380 -0.011096 0.147701 
0.004540 0.009834 0.151258 
0.011049 0.029836 0.150062 
0.019191 0.050114 0.150288 
0.015192 0.068318 0.139877 
0.005039 0.085464 0.124050 
-0.001648 0.103203 0.111267 
-0.003013 -0.002769 0.149761 
0.003688 0.017266 0.148731 
0.015659 0.038199 0.152315 
0.018490 0.057569 0.147885 
0.011540 0.075269 0.134890 
0.001906 0.092506 0.119525 
-0.010782 -0.016822 0.148599 
0.000765 0.004040 0.151817 
0.002908 0.023294 0.146786 
0.017267 0.044632 0.152451 
0.017040 0.063481 0.145349 
0.008575 0.080923 0.131028 
0.001218 0.098551 0.117665 
-0.005144 -0.010167 0.152459 
0.003366 0.010175 0.153009 
0.010605 0.030298 0.152443 
0.017847 0.050417 0.151860 
0.014470 0.068732 0.142010 
0.004524 0.085920 0.126389 
-0.002837 0.103549 0.113029 
-0.002718 -0.005007 0.153846 
0.003418 0.014928 0.152312 
0.014436 0.035691 0.155035 
0.017269 0.055061 0.150602 
0.011368 0.072948 0.138552 
-0.001225 0.089684 0.120614 
-0.014796 -0.021209 0.149440 
-0.001621 -0.000074 0.154065 
0.002044 0.019439 0.150366 
0.014757 0.040488 0.154563 
0.016871 0.059735 0.149503 
0.009044 0.077295 0.135773 
-0.000891 0.094488 0.120169 
-0.007233 -0.015173 0.155321 
0.000428 0.005021 0.155117 
0.001906 0.024160 0.149503 
0.015981 0.045437 0.154874 
0.015480 0.064243 0.147542 
0.007004 0.081692 0.133244 
-0.001604 0.099113 0.118809 
-0.004368 -0.010411 0.157260 
0.001773 0.009523 0.155723 
0.008470 0.029550 0.154670 
0.016715 0.049830 0.154931 
0.013959 0.068257 0.145644 
0.003971 0.085449 0.130023 
-0.004164 0.102951 0.116007 
-0.002508 -0.005349 0.158144 
0.001826 0.014276 0.155025 
0.012669 0.035000 0.157563 
0.015865 0.054429 0.153440 
0.011845 0.072644 0.143062 
-0.001976 0.089182 0.124087 
-0.012450 -0.021654 0.155799 
-0.002115 -0.001009 0.157918 
0.001362 0.018470 0.154050 
0.013132 0.039348 0.157385 
0.015698 0.058671 0.152714 
0.008175 0.076293 0.139288 
-0.005395 0.092875 0.120537 
-0.008327 -0.017624 0.159176 
-0.001990 0.002340 0.157802 
0.000154 0.021593 0.152770 
0.014150 0.042844 0.158029 
0.015000 0.061879 0.151874 
0.006396 0.079319 0.137509 
-0.005085 0.096258 0.120590 
-0.006702 -0.015436 0.160889 
-0.001317 0.004366 0.158683 
-0.000030 0.023474 0.152903 
0.014508 0.044812 0.158618 
0.014093 0.063635 0.151372 
0.005450 0.081070 0.136976 
-0.005844 0.098043 0.120227 
-0.006663 -0.015406 0.161908 
-0.001372 0.004380 0.159617 
-0.000276 0.023455 0.153671 
0.013987 0.044743 0.159136 
0.013752 0.063597 0.152047 
0.005395 0.081083 0.137911 
-0.007048 0.097864 0.120168 
-0.007044 -0.015920 0.162732 
-0.001275 0.003946 0.160856 
-0.000751 0.022924 0.154412 
0.013245 0.044165 0.159637 
0.013733 0.063140 0.153172 
0.005874 0.080715 0.139482 
-0.008387 0.097190 0.120165 
-0.007100 -0.015906 0.163668 
-0.001234 0.003976 0.161873 
-0.001092 0.022889 0.155097 
0.012905 0.044127 0.160311 
0.013482 0.063117 0.153924 
0.005820 0.080728 0.140416 
-0.009687 0.096995 0.120023 
-0.007116 -0.015414 0.164464 
-0.001344 0.004452 0.162586 
-0.001394 0.023333 0.155645 
0.012694 0.044582 0.160924 
0.012909 0.063513 0.154227 
0.005519 0.081171 0.140962 
-0.011330 0.097214 0.119412 
-0.006537 -0.013404 0.165261 
-0.001622 0.006316 0.162635 
0.000237 0.025520 0.157353 
0.012602 0.046474 0.161122 
0.012091 0.065285 0.153805 
0.004477 0.082906 0.140347 
-0.012665 0.098903 0.118553 
-0.005305 -0.010340 0.166279 
-0.002204 0.009073 0.162075 
0.004945 0.029165 0.161375 
0.013041 0.049399 0.161431 
0.011624 0.068060 0.153340 
0.002080 0.085358 0.138211 
-0.015458 -0.024308 0.162929 
-0.003089 -0.003333 0.166770 
-0.001707 0.015790 0.161073 
0.009866 0.036610 0.164148 
0.012527 0.055945 0.159548 
0.008932 0.074249 0.149599 
-0.004303 0.090916 0.131239 
-0.006621 -0.012407 0.167788 
-0.002277 0.007215 0.164662 
0.000538 0.026580 0.160209 
0.011660 0.047316 0.162865 
0.010784 0.066069 0.155243 
0.003440 0.083742 0.142042 
-0.012698 -0.021435 0.166431 
-0.003094 -0.000929 0.167862 
-0.002573 0.018050 0.161420 
0.010017 0.039031 0.165347 
0.011045 0.058098 0.159352 
0.007536 0.076419 0.149487 
-0.007853 0.092727 0.129270 
-0.006555 -0.011407 0.169462 
-0.002878 0.008102 0.165754 
0.000799 0.027612 0.162047 
0.010878 0.048166 0.163780 
0.009727 0.066876 0.155929 
0.002360 0.084548 0.142721 
-0.014785 -0.023629 0.167280 
-0.004505 -0.003012 0.169288 
-0.003219 0.016096 0.163508 
0.009089 0.037024 0.167169 
0.010661 0.056179 0.161639 
0.007511 0.074563 0.152090 
-0.005158 0.091337 0.134263 
-0.008524 -0.014527 0.170751 
-0.003697 0.005174 0.168036 
-0.004135 0.023993 0.160766 
0.009871 0.045200 0.165878 
0.009263 0.064000 0.158494 
0.002976 0.081861 0.146245 
-0.019672 -0.027708 0.166228 
-0.005555 -0.006451 0.171542 
-0.005036 0.012528 0.165101 
0.006588 0.033342 0.168172 
0.009706 0.052749 0.163952 
0.007551 0.071298 0.155259 
-0.002384 0.088541 0.139833 
-0.012050 -0.019325 0.171214 
-0.004251 0.000873 0.171063 
-0.003924 0.019820 0.164456 
0.008020 0.040679 0.167774 
0.009501 0.059820 0.162166 
0.005161 0.078015 0.151626 
-0.010757 0.094247 0.130997 
-0.008296 -0.012062 0.173025 
-0.004711 0.007430 0.169232 
-0.002659 0.026666 0.164115 
0.008685 0.047419 0.166896 
0.007892 0.066190 0.159363 
0.000813 0.083924 0.146448 
-0.018477 -0.026022 0.169696 
-0.006264 -0.005089 0.173346 
-0.006034 0.013842 0.166657 
0.005594 0.034648 0.169701 
0.008532 0.054025 0.165325 
0.005552 0.072444 0.155948 
-0.004249 0.089713 0.140648 
-0.012093 -0.017849 0.173600 
-0.005247 0.002187 0.172618 
-0.005208 0.021086 0.165764 
0.006663 0.041926 0.168993 
0.008417 0.061111 0.163616 
0.003057 0.079146 0.152232 
-0.013878 0.095213 0.130743 
-0.008526 -0.010620 0.175243 
-0.005227 0.008824 0.171201 
-0.002695 0.028139 0.166497 
0.007238 0.048650 0.168037 
0.006532 0.067438 0.160587 
-0.000760 0.085143 0.147508 
-0.017622 -0.023922 0.172691 
-0.007221 -0.003296 0.174763 
-0.006896 0.015652 0.168158 
0.004639 0.036433 0.171092 
0.007123 0.055736 0.166329 
0.003498 0.074055 0.156424 
-0.006459 0.091300 0.140995 
-0.012095 -0.015895 0.175847 
-0.006298 0.003963 0.173951 
-0.006838 0.022768 0.166603 
0.005618 0.043695 0.170305 
0.006826 0.062792 0.164468 
0.001432 0.080826 0.153069 
-0.025671 -0.029467 0.169279 
-0.008445 -0.007710 0.177210 
-0.006680 0.011478 0.171845 
-0.001050 0.031300 0.169776 
0.005908 0.051319 0.168765 
0.004377 0.069977 0.160630 
-0.002791 0.087702 0.147658 
-0.017243 -0.021903 0.175270 
-0.007793 -0.001440 0.176510 
-0.007757 0.017461 0.169658 
0.003228 0.038145 0.172099 
0.005531 0.057418 0.167181 
0.001625 0.075697 0.157058 
-0.009152 0.092807 0.140932 
-0.012945 -0.015026 0.177713 
-0.007816 0.004719 0.175235 
-0.007397 0.023684 0.168714 
0.004401 0.044493 0.171819 
0.004969 0.063489 0.165447 
-0.000373 0.081533 0.154103 
-0.029197 -0.030918 0.169579 
-0.010509 -0.008931 0.178722 
-0.007879 0.010400 0.174098 
-0.005249 0.029730 0.169474 
0.004530 0.050202 0.170835 
0.003635 0.068965 0.163242 
-0.003127 0.086768 0.150657 
-0.021611 -0.024441 0.175182 
-0.009073 -0.003475 0.179042 
-0.009616 0.015331 0.171699 
-0.000245 0.035753 0.172771 
0.003980 0.055330 0.169455 
0.000706 0.073715 0.159878 
-0.007751 0.091223 0.145788 
-0.016521 -0.018381 0.178636 
-0.009175 0.001727 0.178044 
-0.008853 0.020676 0.171443 
0.001765 0.041288 0.173530 
0.003246 0.060430 0.167923 
-0.000671 0.078714 0.157815 
-0.015074 0.095237 0.138621 
-0.013873 -0.013198 0.180164 
-0.009798 0.006370 0.176772 
-0.008225 0.025526 0.171242 
0.002364 0.046127 0.173280 
0.002106 0.064992 0.166225 
-0.003026 0.083072 0.155062 
-0.028881 -0.029813 0.173496 
-0.012764 -0.008268 0.180375 
-0.010421 0.011014 0.175502 
-0.008270 0.030264 0.170464 
0.002231 0.050849 0.172421 
0.001057 0.069570 0.164605 
-0.005383 0.087431 0.152311 
-0.023209 -0.023660 0.177436 
-0.011133 -0.002782 0.180856 
-0.011295 0.016089 0.173847 
-0.003558 0.036243 0.173528 
0.001863 0.056006 0.171195 
-0.002062 0.074295 0.161097 
-0.009630 0.091954 0.147784 
-0.019113 -0.018240 0.180193 
-0.010889 0.002004 0.180324 
-0.010569 0.020954 0.173727 
-0.001493 0.041313 0.174497 
0.001180 0.060642 0.169879 
-0.002670 0.078942 0.159844 
-0.016427 0.095589 0.141266 
-0.015882 -0.012965 0.182207 
-0.011898 0.006585 0.178727 
-0.009940 0.025803 0.173524 
-0.000985 0.046136 0.174171 
-0.000513 0.065119 0.167729 
-0.004837 0.083334 0.157261 
-0.030199 -0.028979 0.176010 
-0.014732 -0.007558 0.182277 
-0.011615 0.011850 0.178057 
-0.009367 0.031115 0.173100 
-0.000620 0.051410 0.173554 
-0.002168 0.070076 0.165442 
-0.007930 0.088048 0.153723 
-0.024517 -0.022831 0.179934 
-0.013484 -0.002136 0.182426 
-0.013166 0.016816 0.175832 
-0.009084 0.036380 0.172429 
-0.000898 0.056583 0.172406 
-0.004297 0.074958 0.162760 
-0.012475 0.092527 0.148961 
-0.020335 -0.016458 0.182404 
-0.013451 0.003561 0.181372 
-0.012361 0.022638 0.175433 
-0.004914 0.042734 0.174830 
-0.001872 0.062119 0.170513 
-0.005229 0.080497 0.160886 
-0.020461 0.096923 0.141123 
-0.017019 -0.010227 0.184133 
-0.013418 0.009257 0.180319 
-0.011265 0.028507 0.175279 
-0.004327 0.048515 0.174227 
-0.004317 0.067428 0.167409 
-0.008287 0.085692 0.157216 
-0.028806 -0.025345 0.179954 
-0.016407 -0.004437 0.183570 
-0.014158 0.014829 0.178612 
-0.011715 0.034125 0.173816 
-0.003832 0.054282 0.173548 
-0.005574 0.072921 0.165287 
-0.012121 0.090763 0.152896 
-0.023943 -0.018864 0.182988 
-0.015794 0.001354 0.183007 
-0.014899 0.020400 0.176905 
-0.011295 0.039884 0.173089 
-0.004348 0.059891 0.172036 
-0.006506 0.078461 0.163415 
-0.018957 0.095351 0.146051 
-0.020101 -0.012079 0.184981 
-0.015819 0.007514 0.181734 
-0.013570 0.026779 0.176774 
-0.008998 0.046418 0.173772 
-0.006941 0.065652 0.168649 
-0.009723 0.084105 0.159449 
-0.033645 -0.027469 0.179357 
-0.018327 -0.006101 0.185397 
-0.015690 0.013226 0.180763 
-0.013730 0.032444 0.175558 
-0.007559 0.052334 0.173879 
-0.006907 0.071348 0.167593 
-0.013078 0.089257 0.155544 
-0.027615 -0.020804 0.183361 
-0.017521 -0.000279 0.184996 
-0.016626 0.018767 0.178895 
-0.012923 0.038265 0.175156 
-0.008353 0.057902 0.172144 
-0.008034 0.076857 0.165560 
-0.018567 0.094068 0.149853 
-0.023477 -0.013974 0.185592 
-0.017158 0.005943 0.184048 
-0.016457 0.024959 0.177786 
-0.013141 0.044394 0.173720 
-0.010309 0.063752 0.169246 
-0.010577 0.082612 0.162170 
-0.038025 -0.028569 0.178822 
-0.020655 -0.006884 0.186542 
-0.017629 0.012504 0.182231 
-0.015571 0.031737 0.177107 
-0.013029 0.051048 0.172389 
-0.008840 0.070623 0.169053 
-0.014537 0.088615 0.157426 
-0.028826 -0.019512 0.184782 
-0.019108 0.000945 0.186074 
-0.018408 0.019962 0.179813 
-0.014509 0.039489 0.176232 
-0.012742 0.058676 0.170864 
-0.010200 0.077986 0.166146 
-0.021427 0.095097 0.149893 
-0.023886 -0.011139 0.187158 
-0.019404 0.008480 0.184063 
-0.017831 0.027636 0.178532 
-0.014512 0.047070 0.174463 
-0.011873 0.066396 0.169825 
-0.013986 0.084964 0.161210 
-0.034063 -0.023609 0.183567 
-0.021233 -0.002661 0.187444 
-0.018981 0.016603 0.182481 
-0.016535 0.035898 0.177681 
-0.013992 0.055208 0.172961 
-0.011255 0.074549 0.168404 
-0.019290 0.092175 0.154844 
-0.026810 -0.013925 0.187527 
-0.020382 0.006002 0.186048 
-0.020169 0.024942 0.179383 
-0.016364 0.044452 0.175717 
-0.014597 0.063639 0.170349 
-0.014092 0.082625 0.163926 
-0.039540 -0.025848 0.181486 
-0.023299 -0.004366 0.188182 
-0.020658 0.014959 0.183542 
-0.018599 0.034191 0.178416 
-0.014987 0.053671 0.174587 
-0.013026 0.072888 0.169380 
-0.019322 0.090796 0.157291 
-0.028277 -0.014115 0.188262 
-0.021747 0.005825 0.186857 
-0.021730 0.024735 0.180032 
-0.017436 0.044321 0.176767 
-0.015669 0.063508 0.171398 
-0.016429 0.082294 0.163927 
-0.039732 -0.024411 0.182791 
-0.024353 -0.003075 0.188740 
-0.021614 0.016265 0.184180 
-0.019750 0.035467 0.178892 
-0.015650 0.055022 0.175463 
-0.015049 0.074024 0.169125 
-0.021741 0.091874 0.156722 
-0.026843 -0.010537 0.190211 
-0.023130 0.008956 0.186457 
-0.022336 0.027989 0.180280 
-0.017553 0.047651 0.177416 
-0.017148 0.066622 0.170916 
-0.017910 0.085410 0.163446 
-0.033867 -0.018241 0.187751 
-0.024705 0.002110 0.188516 
-0.023424 0.021219 0.182743 
-0.019710 0.040712 0.178988 
-0.016679 0.060098 0.174669 
-0.017344 0.078901 0.167282 
-0.029784 0.095851 0.150128 
-0.026824 -0.004349 0.189953 
-0.024084 0.014991 0.185391 
-0.022511 0.034146 0.179861 
-0.017531 0.053837 0.177153 
-0.018198 0.072641 0.169767 
-0.022564 0.090864 0.159317 
-0.027542 -0.010114 0.192382 
-0.025483 0.009118 0.187255 
-0.024495 0.028182 0.181241 
-0.019416 0.047888 0.178612 
-0.018330 0.066967 0.172678 
-0.019777 0.085649 0.164649 
-0.024557 -0.015300 0.197871 
-0.026980 0.003230 0.189039 
-0.025699 0.022340 0.183267 
-0.021593 0.041893 0.179830 
-0.018364 0.061308 0.175668 
-0.019618 0.080021 0.167803 
-0.043619 -0.022987 0.184813 
-0.027911 -0.001623 0.190949 
-0.026241 0.017548 0.185500 
-0.024181 0.036780 0.180372 
-0.019197 0.056469 0.177658 
-0.019964 0.075259 0.170196 
-0.026872 0.093090 0.157665 
-0.021138 -0.005275 0.199212 
-0.027660 0.012619 0.187008 
-0.026283 0.031744 0.181317 
-0.020614 0.051539 0.179164 
-0.020602 0.070451 0.172347 
-0.023516 0.088907 0.163118 
-0.022536 -0.011148 0.201073 
-0.029061 0.006747 0.188875 
-0.028074 0.025812 0.182862 
-0.022989 0.045514 0.180224 
-0.019856 0.064913 0.175979 
-0.022283 0.083446 0.167155 
-0.023933 -0.017021 0.202935 
-0.028998 0.001103 0.191946 
-0.028890 0.020032 0.185211 
-0.025560 0.039460 0.181126 
-0.020864 0.059101 0.178164 
-0.022123 0.077817 0.170306 
-0.034899 0.094744 0.152975 
-0.020167 -0.003665 0.202353 
-0.030233 0.013697 0.187298 
-0.028660 0.032852 0.181767 
-0.022596 0.052705 0.179927 
-0.022293 0.071663 0.173353 
-0.026189 0.089971 0.163331 
-0.021208 -0.009955 0.204679 
-0.030697 0.007498 0.190105 
-0.030590 0.026427 0.183373 
-0.025208 0.046172 0.180968 
-0.021877 0.065600 0.176880 
-0.024798 0.084060 0.167663 
-0.023840 -0.016483 0.205731 
-0.026665 0.001994 0.196597 
-0.031446 0.020168 0.185861 
-0.028603 0.039520 0.181371 
-0.022925 0.059310 0.179205 
-0.024090 0.078043 0.171432 
-0.030010 -0.024037 0.204029 
-0.020080 -0.003612 0.205271 
-0.032634 0.013385 0.188247 
-0.031355 0.032495 0.182477 
-0.024893 0.052405 0.180947 
-0.024103 0.071440 0.174776 
-0.028495 0.089676 0.164365 
-0.022278 -0.010547 0.206846 
-0.030594 0.007099 0.193272 
-0.032934 0.025652 0.184543 
-0.027742 0.045365 0.181971 
-0.023920 0.064867 0.178280 
-0.026554 0.083375 0.169311 
-0.024716 -0.017043 0.208062 
-0.023236 0.002099 0.202457 
-0.034280 0.019318 0.186632 
-0.031826 0.038609 0.181820 
-0.025262 0.058531 0.180364 
-0.026137 0.077311 0.172837 
-0.030350 -0.024036 0.206648 
-0.020549 -0.003644 0.207741 
-0.034450 0.013164 0.189679 
-0.034053 0.032140 0.183191 
-0.027291 0.052091 0.181892 
-0.026012 0.071202 0.176122 
-0.031391 0.089292 0.164923 
-0.022762 -0.009634 0.208966 
-0.030859 0.008059 0.195619 
-0.035261 0.026300 0.185222 
-0.030260 0.045980 0.182483 
-0.026239 0.065511 0.178947 
-0.028781 0.084037 0.170067 
-0.025311 -0.015199 0.209761 
-0.025166 0.003744 0.203087 
-0.036921 0.020865 0.186718 
-0.033780 0.040260 0.182462 
-0.027308 0.060164 0.180917 
-0.028381 0.078915 0.173234 
-0.028157 -0.020341 0.210126 
-0.021767 -0.000474 0.208428 
-0.037071 0.016133 0.189270 
-0.036773 0.035094 0.182704 
-0.029122 0.055176 0.182111 
-0.028432 0.074197 0.175864 
-0.033912 -0.024983 0.207779 
-0.021957 -0.004276 0.210576 
-0.034200 0.012806 0.193933 
-0.037826 0.031170 0.184184 
-0.030859 0.051147 0.183031 
-0.028992 0.070347 0.177738 
-0.034677 0.088399 0.166320 
-0.023509 -0.007802 0.211483 
-0.031973 0.009851 0.197895 
-0.038250 0.027815 0.186004 
-0.033636 0.047433 0.182938 
-0.029806 0.066931 0.179236 
-0.032748 0.085401 0.170048 
-0.025863 -0.010971 0.211589 
-0.030980 0.007182 0.200683 
-0.039912 0.024745 0.186652 
-0.036179 0.044228 0.182869 
-0.030484 0.064009 0.180675 
-0.032543 0.082614 0.172205 
-0.027151 -0.013512 0.212368 
-0.028375 0.005228 0.204600 
-0.041927 0.022095 0.186845 
-0.039078 0.041444 0.182346 
-0.031416 0.061521 0.181737 
-0.033477 0.080127 0.173270 
-0.028312 -0.015558 0.213088 
-0.026179 0.003679 0.207998 
-0.043321 0.020015 0.187380 
-0.041944 0.039141 0.181691 
-0.032610 0.059469 0.182427 
-0.033493 0.078254 0.174914 
-0.029538 -0.017141 0.213585 
-0.025522 0.002369 0.209974 
-0.042709 0.018711 0.189364 
-0.045068 0.037274 0.180662 
-0.033962 0.057867 0.182822 
-0.033667 0.076830 0.176260 
-0.030276 -0.017234 0.213955 
-0.026151 0.002292 0.210434 
-0.042274 0.018798 0.190694 
-0.046700 0.037051 0.180331 
-0.035196 0.057701 0.182802 
-0.034607 0.076709 0.176479 
-0.030247 -0.016266 0.214603 
-0.027358 0.003079 0.210105 
-0.043924 0.019517 0.190005 
-0.047860 0.037845 0.180040 
-0.036451 0.058479 0.182427 
-0.035862 0.077487 0.176105 
-0.029443 -0.014716 0.215681 
-0.028902 0.004292 0.209345 
-0.046323 0.020598 0.188546 
-0.048687 0.039163 0.179850 
-0.037076 0.059825 0.182389 
-0.037669 0.078656 0.175119 
-0.027774 -0.011623 0.216923 
-0.033047 0.006526 0.205961 
-0.049196 0.023028 0.186199 
-0.047977 0.042603 0.180214 
-0.037741 0.063057 0.181641 
-0.041190 0.081460 0.172079 
-0.026697 -0.006723 0.217025 
-0.035955 0.010840 0.202897 
-0.050141 0.027639 0.184725 
-0.041183 0.054994 0.182573 
-0.038626 0.074297 0.177832 
-0.029902 -0.013320 0.217673 
-0.032379 0.005243 0.208938 
-0.050513 0.021457 0.187616 
-0.042815 0.054772 0.182242 
-0.040060 0.074104 0.177658 
-0.030211 -0.012878 0.218215 
-0.033672 0.005541 0.208699 
-0.051025 0.021876 0.188020 
-0.042044 0.060111 0.181969 
-0.044414 0.078679 0.173283 
-0.028129 -0.005942 0.218419 
-0.038200 0.011507 0.203667 
-0.046752 0.053282 0.181387 
-0.042419 0.072849 0.178065 
-0.029826 -0.009956 0.219402 
-0.037580 0.007833 0.206488 
-0.057612 0.023781 0.183702 
-0.044526 0.073976 0.176848 
-0.029295 -0.006082 0.219413 
-0.039389 0.011368 0.204655 
-0.046140 0.068081 0.178574 
-0.031140 -0.009643 0.220112 
-0.039025 0.008129 0.207100 
-0.051192 0.067828 0.175357 
-0.030649 -0.006248 0.220260 
-0.040677 0.011214 0.205565 
-0.042217 -0.018799 0.215988 
-0.032871 0.001499 0.216624 
-0.046878 0.018361 0.198719 
-0.031971 -0.002622 0.219785 
-0.044222 0.014514 0.203329 
-0.033050 -0.007021 0.221419 
-0.042650 0.010506 0.207070 
-0.036713 -0.011788 0.221044 
-0.040680 0.006555 0.211123 
-0.043013 -0.016480 0.218371 
-0.036195 0.003444 0.216993 
-0.055506 0.019541 0.194929 
-0.035164 0.000294 0.219938 
-0.049599 0.017114 0.201763 
-0.035465 -0.002575 0.221666 
-0.048006 0.014527 0.205009 
-0.036844 -0.006069 0.222734 
-0.047045 0.011373 0.207921 
-0.039586 -0.009289 0.222553 
-0.045647 0.008756 0.211006 
-0.043043 -0.012615 0.221805 
-0.041570 0.006527 0.216196 
-0.049180 -0.016328 0.218952 
-0.039671 0.003979 0.219665 
-0.063001 0.019524 0.194548 
-0.039458 0.001186 0.221806 
-0.057735 0.017468 0.200679 
-0.040138 -0.001736 0.223244 
-0.051870 0.015497 0.207271 
-0.042148 -0.005324 0.223808 
-0.048521 0.012686 0.212047 
-0.045212 -0.008589 0.223378 
-0.047018 0.010080 0.215202 
-0.049075 -0.011968 0.222330 
-0.045116 0.007530 0.218665 
-0.056420 -0.015845 0.218565 
-0.044107 0.004852 0.221428 
-0.069486 0.020140 0.194838 
-0.044429 0.001508 0.223316 
-0.059073 0.018341 0.205127 
-0.046222 -0.002993 0.224394 
-0.052513 0.015038 0.212733 
-0.051521 -0.009413 0.223252 
-0.048753 0.009913 0.218651 
-0.062778 -0.017627 0.217818 
-0.047259 0.003516 0.223136 
-0.067103 0.019619 0.200945 
-0.050764 -0.005014 0.224239 
-0.051085 0.013873 0.217237 
-0.062425 -0.015647 0.219352 
-0.049189 0.005165 0.222876 
-0.069947 0.021149 0.200011 
-0.053452 -0.005364 0.224071 
-0.052079 0.013764 0.218386 
-0.076384 0.029256 0.192808 
-0.051773 0.002463 0.223631 
-0.064468 0.019600 0.207050 
-0.060689 -0.010615 0.221908 
-0.052728 0.009444 0.221319 
-0.073513 0.025441 0.198491 
-0.056733 -0.003886 0.223736 
-0.054960 0.015298 0.218360 
-0.077386 0.031074 0.194299 
-0.055571 0.002447 0.223401 
-0.070840 0.019705 0.204700 
-0.065656 -0.010315 0.220629 
-0.055988 0.009978 0.221340 
-0.074863 0.026734 0.199874 
-0.060479 -0.001997 0.222885 
-0.059806 0.017032 0.216661 
-0.079231 0.034196 0.194644 
-0.059759 0.006168 0.221535 
-0.074671 0.024435 0.202815 
-0.065318 -0.003114 0.221255 
-0.073636 0.018446 0.206774 
-0.080377 0.036447 0.194883 
-0.064689 0.011193 0.217648 
-0.078478 0.032940 0.198645 
-0.089126 0.004039 0.201292 
-0.078372 0.032027 0.200033 
-0.090165 -0.001763 0.203501 
-0.077014 0.025135 0.204575 
-0.083194 0.043227 0.193153 
-0.079519 0.015812 0.206829 
-0.080012 0.034684 0.199727 
-0.093810 -0.002685 0.202888 
-0.078295 0.025475 0.205388 
-0.083224 0.043742 0.194929 
-0.093865 0.004911 0.201155 
-0.082880 0.032921 0.200039 
-0.087734 0.051204 0.189660 
-0.080478 0.020961 0.207212 
-0.083438 0.039499 0.198255 
-0.098181 -0.002724 0.202412 
-0.080632 0.027119 0.205896 
-0.085538 0.045396 0.195481 
-0.096329 0.002288 0.203124 
-0.083283 0.031991 0.203031 
-0.088361 0.050249 0.192501 
-0.100240 0.005576 0.199839 
-0.087111 0.036235 0.199464 
-0.091333 0.054609 0.189582 
-0.084570 0.022392 0.207390 
-0.089332 0.040696 0.197109 
-0.096241 0.058711 0.185216 
-0.083675 0.027272 0.207368 
-0.091340 0.045187 0.194916 
-0.105109 -0.001626 0.201534 
-0.084742 0.032835 0.205540 
-0.093809 0.050565 0.192047 
-0.104611 0.003677 0.201059 
-0.090785 0.038681 0.199659 
-0.096309 0.056888 0.188825 
-0.087513 0.025879 0.207783 
-0.093686 0.044002 0.196471 
-0.118535 -0.006649 0.195689 
-0.086470 0.031252 0.207701 
-0.096305 0.048888 0.193664 
-0.111298 -0.000920 0.200411 
-0.088186 0.036730 0.205395 
-0.098673 0.054282 0.190882 
-0.112595 0.004620 0.198438 
-0.095172 0.042931 0.198668 
-0.102218 0.060943 0.186727 
-0.089108 0.032864 0.208014 
-0.099284 0.050464 0.193755 
-0.115803 0.000462 0.199399 
-0.095394 0.042477 0.200647 
-0.103527 0.060350 0.187915 
-0.090412 0.036053 0.207840 
-0.101785 0.053500 0.192713 
-0.119651 0.002855 0.197550 
-0.100492 0.048959 0.196338 
-0.124194 -0.002451 0.196868 
-0.098185 0.045024 0.200540 
-0.108167 0.062661 0.186465 
-0.093086 0.038611 0.207804 
-0.104802 0.056023 0.192457 
-0.131016 0.004291 0.191158 
-0.101974 0.049313 0.198047 
-0.129126 -0.002534 0.196081 
-0.095534 0.043547 0.206124 
-0.108560 0.060795 0.189835 
-0.097555 0.037621 0.207626 
-0.106260 0.055436 0.194530 
-0.134516 0.003926 0.191609 
-0.104164 0.051471 0.198567 
-0.133490 0.000302 0.194719 
-0.100619 0.048165 0.203497 
-0.136073 -0.003321 0.194997 
-0.098576 0.046085 0.206816 
-0.113690 0.063077 0.189048 
-0.099488 0.044568 0.207632 
-0.112766 0.061802 0.191223 
-0.100568 0.044925 0.207657 
-0.113961 0.062148 0.191176 
-0.101195 0.048184 0.207012 
-0.140320 0.000042 0.194590 
-0.107805 0.054463 0.200666 
-0.146840 0.007757 0.187813 
-0.117690 0.064117 0.190607 
-0.114462 0.060766 0.195290 
-0.117962 0.063187 0.192735 
-0.107989 0.054558 0.205463 
-0.115817 0.060694 0.198272 
-0.115826 0.060269 0.200412 
