0.020167 -0.018696 0.136442 
0.027073 0.047748 0.121732 
0.022645 0.063994 0.113459 
0.025322 0.055569 0.121202 
0.025833 0.036843 0.130621 
0.020051 0.010385 0.136785 
-0.008689 -0.023445 0.123545 
0.021540 0.060285 0.122898 
0.022788 0.025167 0.139037 
-0.010759 -0.017970 0.124742 
0.019364 0.063815 0.124564 
0.018360 0.028293 0.138662 
0.004491 -0.004283 0.139417 
0.011341 0.077656 0.116881 
0.022994 0.050471 0.139951 
0.006699 0.018414 0.138197 
0.005680 0.097572 0.109215 
0.017613 0.069474 0.132815 
0.019653 0.038716 0.148008 
0.001882 0.001231 0.146924 
0.011883 0.077100 0.129576 
0.011309 0.029363 0.148498 
0.003384 0.096487 0.117460 
0.016973 0.041256 0.152429 
-0.000653 0.102008 0.114643 
0.015099 0.040526 0.153887 
-0.001180 0.100104 0.117844 
0.013799 0.037060 0.156882 
-0.003156 0.096537 0.120295 
0.009673 0.031703 0.157948 
-0.001675 0.089306 0.127314 
-0.000124 0.014530 0.158063 
0.010174 0.073904 0.146950 
-0.002555 -0.000453 0.164239 
0.012421 0.062523 0.156086 
-0.002957 0.002378 0.165795 
0.009127 0.072901 0.152219 
-0.003646 0.013190 0.164172 
0.004063 0.080154 0.147874 
-0.003811 0.018895 0.164898 
0.000813 0.083924 0.146448 
-0.005609 0.021964 0.165074 
-0.001657 0.086882 0.146046 
-0.006314 0.025689 0.166022 
-0.006798 0.090815 0.142836 
-0.005850 0.028664 0.168322 
-0.008136 0.091608 0.144299 
-0.007918 0.027444 0.169837 
-0.006730 0.090021 0.149148 
-0.009045 0.024962 0.172673 
-0.006608 0.087747 0.153058 
-0.011136 0.022322 0.174688 
-0.007215 0.085823 0.156167 
-0.013362 0.021552 0.175906 
-0.008919 0.085611 0.157659 
-0.015220 0.021787 0.177097 
-0.010779 0.085846 0.158850 
-0.017081 0.022023 0.178290 
-0.013240 0.086932 0.159199 
-0.018201 0.026632 0.178565 
-0.019290 0.092175 0.154844 
-0.018327 0.035180 0.178302 
-0.035783 -0.021897 0.185391 
-0.017123 0.050554 0.176748 
-0.025828 -0.000411 0.189412 
-0.019106 0.071573 0.170328 
-0.026549 0.023173 0.183197 
-0.029499 0.094593 0.155795 
-0.023272 0.047380 0.180279 
-0.021058 -0.001418 0.201744 
-0.022823 0.068782 0.175878 
-0.033642 0.017032 0.187032 
-0.029402 0.088158 0.166083 
-0.033455 0.038871 0.182266 
-0.021959 -0.006180 0.210308 
-0.028796 0.065648 0.179599 
-0.041306 0.020750 0.186883 
-0.029900 -0.018632 0.212836 
-0.034512 0.055892 0.183057 
-0.042232 0.018825 0.191706 
-0.027774 -0.011623 0.216923 
-0.038941 0.075196 0.177239 
-0.047214 0.080154 0.170363 
-0.040831 0.013993 0.202487 
-0.033165 0.000997 0.217516 
-0.058979 -0.020196 0.208192 
-0.045351 0.008834 0.213168 
-0.043852 -0.004592 0.224049 
-0.054198 0.016708 0.211709 
-0.068226 0.019994 0.202828 
-0.054884 0.012011 0.220559 
-0.061451 0.007841 0.220520 
-0.078476 0.027320 0.203588 
-0.081985 0.020304 0.207220 
-0.092096 0.053585 0.190338 
-0.091820 0.039514 0.199539 
-0.091255 0.028790 0.207759 
-0.094641 0.042647 0.204165 
-0.105227 0.053676 0.195959 
-0.101514 0.043855 0.207299 
-0.115817 0.060694 0.198272 
